/*--------------------------------*- C++ -*----------------------------------*\
| =========                 |                                                 |
| \\      /  F ield         | OpenFOAM: The Open Source CFD Toolbox           |
|  \\    /   O peration     | Version:  4.1                                   |
|   \\  /    A nd           | Web:      www.OpenFOAM.org                      |
|    \\/     M anipulation  |                                                 |
\*---------------------------------------------------------------------------*/
FoamFile
{
    version     2.0;
    format      ascii;
    class       volScalarField;
    location    "590";
    object      p;
}
// * * * * * * * * * * * * * * * * * * * * * * * * * * * * * * * * * * * * * //

dimensions      [0 2 -2 0 0 0 0];

internalField   nonuniform List<scalar> 
1000
(
0
5.00222e-12
8.6402e-12
1.04592e-11
1.18234e-11
1.22782e-11
1.22782e-11
1.27329e-11
1.31877e-11
1.31877e-11
5.45697e-12
6.82121e-12
9.09495e-12
1.04592e-11
1.18234e-11
1.27329e-11
1.27329e-11
1.31877e-11
1.31877e-11
1.31877e-11
8.18545e-12
9.09495e-12
1.04592e-11
1.18234e-11
1.27329e-11
1.31877e-11
1.36424e-11
1.36424e-11
1.36424e-11
1.40972e-11
1.00044e-11
1.04592e-11
1.18234e-11
1.22782e-11
1.36424e-11
1.36424e-11
1.36424e-11
1.36424e-11
1.40972e-11
1.40972e-11
1.13687e-11
1.18234e-11
1.22782e-11
1.27329e-11
1.31877e-11
1.40972e-11
1.40972e-11
1.40972e-11
1.45519e-11
1.50067e-11
1.27329e-11
1.27329e-11
1.31877e-11
1.36424e-11
1.40972e-11
1.40972e-11
1.45519e-11
1.45519e-11
1.50067e-11
1.54614e-11
1.31877e-11
1.36424e-11
1.36424e-11
1.50067e-11
1.45519e-11
1.45519e-11
1.50067e-11
1.50067e-11
1.54614e-11
1.59162e-11
1.40972e-11
1.45519e-11
1.50067e-11
1.54614e-11
1.50067e-11
1.50067e-11
1.54614e-11
1.59162e-11
1.59162e-11
1.59162e-11
1.40972e-11
1.50067e-11
1.54614e-11
1.54614e-11
1.50067e-11
1.54614e-11
1.50067e-11
1.54614e-11
1.54614e-11
1.63709e-11
1.40972e-11
1.45519e-11
1.50067e-11
1.50067e-11
1.50067e-11
1.50067e-11
1.45519e-11
1.50067e-11
1.63709e-11
1.63709e-11
-2354.4
-2354.4
-2354.4
-2354.4
-2354.4
-2354.4
-2354.4
-2354.4
-2354.4
-2354.4
-2354.4
-2354.4
-2354.4
-2354.4
-2354.4
-2354.4
-2354.4
-2354.4
-2354.4
-2354.4
-2354.4
-2354.4
-2354.4
-2354.4
-2354.4
-2354.4
-2354.4
-2354.4
-2354.4
-2354.4
-2354.4
-2354.4
-2354.4
-2354.4
-2354.4
-2354.4
-2354.4
-2354.4
-2354.4
-2354.4
-2354.4
-2354.4
-2354.4
-2354.4
-2354.4
-2354.4
-2354.4
-2354.4
-2354.4
-2354.4
-2354.4
-2354.4
-2354.4
-2354.4
-2354.4
-2354.4
-2354.4
-2354.4
-2354.4
-2354.4
-2354.4
-2354.4
-2354.4
-2354.4
-2354.4
-2354.4
-2354.4
-2354.4
-2354.4
-2354.4
-2354.4
-2354.4
-2354.4
-2354.4
-2354.4
-2354.4
-2354.4
-2354.4
-2354.4
-2354.4
-2354.4
-2354.4
-2354.4
-2354.4
-2354.4
-2354.4
-2354.4
-2354.4
-2354.4
-2354.4
-2354.4
-2354.4
-2354.4
-2354.4
-2354.4
-2354.4
-2354.4
-2354.4
-2354.4
-2354.4
-4708.8
-4708.8
-4708.8
-4708.8
-4708.8
-4708.8
-4708.8
-4708.8
-4708.8
-4708.8
-4708.8
-4708.8
-4708.8
-4708.8
-4708.8
-4708.8
-4708.8
-4708.8
-4708.8
-4708.8
-4708.8
-4708.8
-4708.8
-4708.8
-4708.8
-4708.8
-4708.8
-4708.8
-4708.8
-4708.8
-4708.8
-4708.8
-4708.8
-4708.8
-4708.8
-4708.8
-4708.8
-4708.8
-4708.8
-4708.8
-4708.8
-4708.8
-4708.8
-4708.8
-4708.8
-4708.8
-4708.8
-4708.8
-4708.8
-4708.8
-4708.8
-4708.8
-4708.8
-4708.8
-4708.8
-4708.8
-4708.8
-4708.8
-4708.8
-4708.8
-4708.8
-4708.8
-4708.8
-4708.8
-4708.8
-4708.8
-4708.8
-4708.8
-4708.8
-4708.8
-4708.8
-4708.8
-4708.8
-4708.8
-4708.8
-4708.8
-4708.8
-4708.8
-4708.8
-4708.8
-4708.8
-4708.8
-4708.8
-4708.8
-4708.8
-4708.8
-4708.8
-4708.8
-4708.8
-4708.8
-4708.8
-4708.8
-4708.8
-4708.8
-4708.8
-4708.8
-4708.8
-4708.8
-4708.8
-4708.8
-7063.2
-7063.2
-7063.2
-7063.2
-7063.2
-7063.2
-7063.2
-7063.2
-7063.2
-7063.2
-7063.2
-7063.2
-7063.2
-7063.2
-7063.2
-7063.2
-7063.2
-7063.2
-7063.2
-7063.2
-7063.2
-7063.2
-7063.2
-7063.2
-7063.2
-7063.2
-7063.2
-7063.2
-7063.2
-7063.2
-7063.2
-7063.2
-7063.2
-7063.2
-7063.2
-7063.2
-7063.2
-7063.2
-7063.2
-7063.2
-7063.2
-7063.2
-7063.2
-7063.2
-7063.2
-7063.2
-7063.2
-7063.2
-7063.2
-7063.2
-7063.2
-7063.2
-7063.2
-7063.2
-7063.2
-7063.2
-7063.2
-7063.2
-7063.2
-7063.2
-7063.2
-7063.2
-7063.2
-7063.2
-7063.2
-7063.2
-7063.2
-7063.2
-7063.2
-7063.2
-7063.2
-7063.2
-7063.2
-7063.2
-7063.2
-7063.2
-7063.2
-7063.2
-7063.2
-7063.2
-7063.2
-7063.2
-7063.2
-7063.2
-7063.2
-7063.2
-7063.2
-7063.2
-7063.2
-7063.2
-7063.2
-7063.2
-7063.2
-7063.2
-7063.2
-7063.2
-7063.2
-7063.2
-7063.2
-7063.2
-9417.6
-9417.6
-9417.6
-9417.6
-9417.6
-9417.6
-9417.6
-9417.6
-9417.6
-9417.6
-9417.6
-9417.6
-9417.6
-9417.6
-9417.6
-9417.6
-9417.6
-9417.6
-9417.6
-9417.6
-9417.6
-9417.6
-9417.6
-9417.6
-9417.6
-9417.6
-9417.6
-9417.6
-9417.6
-9417.6
-9417.6
-9417.6
-9417.6
-9417.6
-9417.6
-9417.6
-9417.6
-9417.6
-9417.6
-9417.6
-9417.6
-9417.6
-9417.6
-9417.6
-9417.6
-9417.6
-9417.6
-9417.6
-9417.6
-9417.6
-9417.6
-9417.6
-9417.6
-9417.6
-9417.6
-9417.6
-9417.6
-9417.6
-9417.6
-9417.6
-9417.6
-9417.6
-9417.6
-9417.6
-9417.6
-9417.6
-9417.6
-9417.6
-9417.6
-9417.6
-9417.6
-9417.6
-9417.6
-9417.6
-9417.6
-9417.6
-9417.6
-9417.6
-9417.6
-9417.6
-9417.6
-9417.6
-9417.6
-9417.6
-9417.6
-9417.6
-9417.6
-9417.6
-9417.6
-9417.6
-9417.6
-9417.6
-9417.6
-9417.6
-9417.6
-9417.6
-9417.6
-9417.6
-9417.6
-9417.6
-11772
-11772
-11772
-11772
-11772
-11772
-11772
-11772
-11772
-11772
-11772
-11772
-11772
-11772
-11772
-11772
-11772
-11772
-11772
-11772
-11772
-11772
-11772
-11772
-11772
-11772
-11772
-11772
-11772
-11772
-11772
-11772
-11772
-11772
-11772
-11772
-11772
-11772
-11772
-11772
-11772
-11772
-11772
-11772
-11772
-11772
-11772
-11772
-11772
-11772
-11772
-11772
-11772
-11772
-11772
-11772
-11772
-11772
-11772
-11772
-11772
-11772
-11772
-11772
-11772
-11772
-11772
-11772
-11772
-11772
-11772
-11772
-11772
-11772
-11772
-11772
-11772
-11772
-11772
-11772
-11772
-11772
-11772
-11772
-11772
-11772
-11772
-11772
-11772
-11772
-11772
-11772
-11772
-11772
-11772
-11772
-11772
-11772
-11772
-11772
-14126.4
-14126.4
-14126.4
-14126.4
-14126.4
-14126.4
-14126.4
-14126.4
-14126.4
-14126.4
-14126.4
-14126.4
-14126.4
-14126.4
-14126.4
-14126.4
-14126.4
-14126.4
-14126.4
-14126.4
-14126.4
-14126.4
-14126.4
-14126.4
-14126.4
-14126.4
-14126.4
-14126.4
-14126.4
-14126.4
-14126.4
-14126.4
-14126.4
-14126.4
-14126.4
-14126.4
-14126.4
-14126.4
-14126.4
-14126.4
-14126.4
-14126.4
-14126.4
-14126.4
-14126.4
-14126.4
-14126.4
-14126.4
-14126.4
-14126.4
-14126.4
-14126.4
-14126.4
-14126.4
-14126.4
-14126.4
-14126.4
-14126.4
-14126.4
-14126.4
-14126.4
-14126.4
-14126.4
-14126.4
-14126.4
-14126.4
-14126.4
-14126.4
-14126.4
-14126.4
-14126.4
-14126.4
-14126.4
-14126.4
-14126.4
-14126.4
-14126.4
-14126.4
-14126.4
-14126.4
-14126.4
-14126.4
-14126.4
-14126.4
-14126.4
-14126.4
-14126.4
-14126.4
-14126.4
-14126.4
-14126.4
-14126.4
-14126.4
-14126.4
-14126.4
-14126.4
-14126.4
-14126.4
-14126.4
-14126.4
-16480.8
-16480.8
-16480.8
-16480.8
-16480.8
-16480.8
-16480.8
-16480.8
-16480.8
-16480.8
-16480.8
-16480.8
-16480.8
-16480.8
-16480.8
-16480.8
-16480.8
-16480.8
-16480.8
-16480.8
-16480.8
-16480.8
-16480.8
-16480.8
-16480.8
-16480.8
-16480.8
-16480.8
-16480.8
-16480.8
-16480.8
-16480.8
-16480.8
-16480.8
-16480.8
-16480.8
-16480.8
-16480.8
-16480.8
-16480.8
-16480.8
-16480.8
-16480.8
-16480.8
-16480.8
-16480.8
-16480.8
-16480.8
-16480.8
-16480.8
-16480.8
-16480.8
-16480.8
-16480.8
-16480.8
-16480.8
-16480.8
-16480.8
-16480.8
-16480.8
-16480.8
-16480.8
-16480.8
-16480.8
-16480.8
-16480.8
-16480.8
-16480.8
-16480.8
-16480.8
-16480.8
-16480.8
-16480.8
-16480.8
-16480.8
-16480.8
-16480.8
-16480.8
-16480.8
-16480.8
-16480.8
-16480.8
-16480.8
-16480.8
-16480.8
-16480.8
-16480.8
-16480.8
-16480.8
-16480.8
-16480.8
-16480.8
-16480.8
-16480.8
-16480.8
-16480.8
-16480.8
-16480.8
-16480.8
-16480.8
-18835.2
-18835.2
-18835.2
-18835.2
-18835.2
-18835.2
-18835.2
-18835.2
-18835.2
-18835.2
-18835.2
-18835.2
-18835.2
-18835.2
-18835.2
-18835.2
-18835.2
-18835.2
-18835.2
-18835.2
-18835.2
-18835.2
-18835.2
-18835.2
-18835.2
-18835.2
-18835.2
-18835.2
-18835.2
-18835.2
-18835.2
-18835.2
-18835.2
-18835.2
-18835.2
-18835.2
-18835.2
-18835.2
-18835.2
-18835.2
-18835.2
-18835.2
-18835.2
-18835.2
-18835.2
-18835.2
-18835.2
-18835.2
-18835.2
-18835.2
-18835.2
-18835.2
-18835.2
-18835.2
-18835.2
-18835.2
-18835.2
-18835.2
-18835.2
-18835.2
-18835.2
-18835.2
-18835.2
-18835.2
-18835.2
-18835.2
-18835.2
-18835.2
-18835.2
-18835.2
-18835.2
-18835.2
-18835.2
-18835.2
-18835.2
-18835.2
-18835.2
-18835.2
-18835.2
-18835.2
-18835.2
-18835.2
-18835.2
-18835.2
-18835.2
-18835.2
-18835.2
-18835.2
-18835.2
-18835.2
-18835.2
-18835.2
-18835.2
-18835.2
-18835.2
-18835.2
-18835.2
-18835.2
-18835.2
-18835.2
-21189.6
-21189.6
-21189.6
-21189.6
-21189.6
-21189.6
-21189.6
-21189.6
-21189.6
-21189.6
-21189.6
-21189.6
-21189.6
-21189.6
-21189.6
-21189.6
-21189.6
-21189.6
-21189.6
-21189.6
-21189.6
-21189.6
-21189.6
-21189.6
-21189.6
-21189.6
-21189.6
-21189.6
-21189.6
-21189.6
-21189.6
-21189.6
-21189.6
-21189.6
-21189.6
-21189.6
-21189.6
-21189.6
-21189.6
-21189.6
-21189.6
-21189.6
-21189.6
-21189.6
-21189.6
-21189.6
-21189.6
-21189.6
-21189.6
-21189.6
-21189.6
-21189.6
-21189.6
-21189.6
-21189.6
-21189.6
-21189.6
-21189.6
-21189.6
-21189.6
-21189.6
-21189.6
-21189.6
-21189.6
-21189.6
-21189.6
-21189.6
-21189.6
-21189.6
-21189.6
-21189.6
-21189.6
-21189.6
-21189.6
-21189.6
-21189.6
-21189.6
-21189.6
-21189.6
-21189.6
-21189.6
-21189.6
-21189.6
-21189.6
-21189.6
-21189.6
-21189.6
-21189.6
-21189.6
-21189.6
-21189.6
-21189.6
-21189.6
-21189.6
-21189.6
-21189.6
-21189.6
-21189.6
-21189.6
-21189.6
)
;

boundaryField
{
    defaultFaces
    {
        type            empty;
    }
}


// ************************************************************************* //
