/*--------------------------------*- C++ -*----------------------------------*\
| =========                 |                                                 |
| \\      /  F ield         | OpenFOAM: The Open Source CFD Toolbox           |
|  \\    /   O peration     | Version:  4.1                                   |
|   \\  /    A nd           | Web:      www.OpenFOAM.org                      |
|    \\/     M anipulation  |                                                 |
\*---------------------------------------------------------------------------*/
FoamFile
{
    version     2.0;
    format      ascii;
    class       volScalarField;
    location    "590";
    object      epsilon;
}
// * * * * * * * * * * * * * * * * * * * * * * * * * * * * * * * * * * * * * //

dimensions      [0 2 -3 0 0 0 0];

internalField   nonuniform List<scalar> 
1000
(
1.05393e-14
1.05393e-14
1.05393e-14
1.05393e-14
1.05393e-14
1.05393e-14
1.05393e-14
1.05393e-14
1.05393e-14
1.05393e-14
1.05393e-14
1.05393e-14
1.05393e-14
1.05393e-14
1.05393e-14
1.05393e-14
1.05393e-14
1.05393e-14
1.05393e-14
1.05393e-14
1.05393e-14
1.05393e-14
1.05393e-14
1.05393e-14
1.05393e-14
1.05393e-14
1.05393e-14
1.05393e-14
1.05393e-14
1.05393e-14
1.05393e-14
1.05393e-14
1.05393e-14
1.05393e-14
1.05393e-14
1.05393e-14
1.05393e-14
1.05393e-14
1.05393e-14
1.05393e-14
1.05393e-14
1.05393e-14
1.05393e-14
1.05393e-14
1.05393e-14
1.05393e-14
1.05393e-14
1.05393e-14
1.05393e-14
1.05393e-14
1.05393e-14
1.05393e-14
1.05393e-14
1.05393e-14
1.05393e-14
1.05393e-14
1.05393e-14
1.05393e-14
1.05393e-14
1.05393e-14
1.05393e-14
1.05393e-14
1.05393e-14
1.05393e-14
1.05393e-14
1.05393e-14
1.05393e-14
1.05393e-14
1.05393e-14
1.05393e-14
1.05393e-14
1.05393e-14
1.05393e-14
1.05393e-14
1.05393e-14
1.05393e-14
1.05393e-14
1.05393e-14
1.05393e-14
1.05393e-14
1.05393e-14
1.05393e-14
1.05393e-14
1.05393e-14
1.05393e-14
1.05393e-14
1.05393e-14
1.05393e-14
1.05393e-14
1.05393e-14
1.05393e-14
1.05393e-14
1.05393e-14
1.05393e-14
1.05393e-14
1.05393e-14
1.05393e-14
1.05393e-14
1.05393e-14
1.05393e-14
1.05393e-14
1.05393e-14
1.05393e-14
1.05393e-14
1.05393e-14
1.05393e-14
1.05393e-14
1.05393e-14
1.05393e-14
1.05393e-14
1.05393e-14
1.05393e-14
1.05393e-14
1.05393e-14
1.05393e-14
1.05393e-14
1.05393e-14
1.05393e-14
1.05393e-14
1.05393e-14
1.05393e-14
1.05393e-14
1.05393e-14
1.05393e-14
1.05393e-14
1.05393e-14
1.05393e-14
1.05393e-14
1.05393e-14
1.05393e-14
1.05393e-14
1.05393e-14
1.05393e-14
1.05393e-14
1.05393e-14
1.05393e-14
1.05393e-14
1.05393e-14
1.05393e-14
1.05393e-14
1.05393e-14
1.05393e-14
1.05393e-14
1.05393e-14
1.05393e-14
1.05393e-14
1.05393e-14
1.05393e-14
1.05393e-14
1.05393e-14
1.05393e-14
1.05393e-14
1.05393e-14
1.05393e-14
1.05393e-14
1.05393e-14
1.05393e-14
1.05393e-14
1.05393e-14
1.05393e-14
1.05393e-14
1.05393e-14
1.05393e-14
1.05393e-14
1.05393e-14
1.05393e-14
1.05393e-14
1.05393e-14
1.05393e-14
1.05393e-14
1.05393e-14
1.05393e-14
1.05393e-14
1.05393e-14
1.05393e-14
1.05393e-14
1.05393e-14
1.05393e-14
1.05393e-14
1.05393e-14
1.05393e-14
1.05393e-14
1.05393e-14
1.05393e-14
1.05393e-14
1.05393e-14
1.05393e-14
1.05393e-14
1.05393e-14
1.05393e-14
1.05393e-14
1.05393e-14
1.05393e-14
1.05393e-14
1.05393e-14
1.05393e-14
1.05393e-14
1.05393e-14
1.05393e-14
1.05393e-14
1.05393e-14
1.05393e-14
1.05393e-14
1.05393e-14
1.05393e-14
1.05393e-14
1.05393e-14
1.05393e-14
1.05393e-14
1.05393e-14
1.05393e-14
1.05393e-14
1.05393e-14
1.05393e-14
1.05393e-14
1.05393e-14
1.05393e-14
1.05393e-14
1.05393e-14
1.05393e-14
1.05393e-14
1.05393e-14
1.05393e-14
1.05393e-14
1.05393e-14
1.05393e-14
1.05393e-14
1.05393e-14
1.05393e-14
1.05393e-14
1.05393e-14
1.05393e-14
1.05393e-14
1.05393e-14
1.05393e-14
1.05393e-14
1.05393e-14
1.05393e-14
1.05393e-14
1.05393e-14
1.05393e-14
1.05393e-14
1.05393e-14
1.05393e-14
1.05393e-14
1.05393e-14
1.05393e-14
1.05393e-14
1.05393e-14
1.05393e-14
1.05393e-14
1.05393e-14
1.05393e-14
1.05393e-14
1.05393e-14
1.05393e-14
1.05393e-14
1.05393e-14
1.05393e-14
1.05393e-14
1.05393e-14
1.05393e-14
1.05393e-14
1.05393e-14
1.05393e-14
1.05393e-14
1.05393e-14
1.05393e-14
1.05393e-14
1.05393e-14
1.05393e-14
1.05393e-14
1.05393e-14
1.05393e-14
1.05393e-14
1.05393e-14
1.05393e-14
1.05393e-14
1.05393e-14
1.05393e-14
1.05393e-14
1.05393e-14
1.05393e-14
1.05393e-14
1.05393e-14
1.05393e-14
1.05393e-14
1.05393e-14
1.05393e-14
1.05393e-14
1.05393e-14
1.05393e-14
1.05393e-14
1.05393e-14
1.05393e-14
1.05393e-14
1.05393e-14
1.05393e-14
1.05393e-14
1.05393e-14
1.05393e-14
1.05393e-14
1.05393e-14
1.05393e-14
1.05393e-14
1.05393e-14
1.05393e-14
1.05393e-14
1.05393e-14
1.05393e-14
1.05393e-14
1.05393e-14
1.05393e-14
1.05393e-14
1.05393e-14
1.05393e-14
1.05393e-14
1.05393e-14
1.05393e-14
1.05393e-14
1.05393e-14
1.05393e-14
1.05393e-14
1.05393e-14
1.05393e-14
1.05393e-14
1.05393e-14
1.05393e-14
1.05393e-14
1.05393e-14
1.05393e-14
1.05393e-14
1.05393e-14
1.05393e-14
1.05393e-14
1.05393e-14
1.05393e-14
1.05393e-14
1.05393e-14
1.05393e-14
1.05393e-14
1.05393e-14
1.05393e-14
1.05393e-14
1.05393e-14
1.05393e-14
1.05393e-14
1.05393e-14
1.05393e-14
1.05393e-14
1.05393e-14
1.05393e-14
1.05393e-14
1.05393e-14
1.05393e-14
1.05393e-14
1.05393e-14
1.05393e-14
1.05393e-14
1.05393e-14
1.05393e-14
1.05393e-14
1.05393e-14
1.05393e-14
1.05393e-14
1.05393e-14
1.05393e-14
1.05393e-14
1.05393e-14
1.05393e-14
1.05393e-14
1.05393e-14
1.05393e-14
1.05393e-14
1.05393e-14
1.05393e-14
1.05393e-14
1.05393e-14
1.05393e-14
1.05393e-14
1.05393e-14
1.05393e-14
1.05393e-14
1.05393e-14
1.05393e-14
1.05393e-14
1.05393e-14
1.05393e-14
1.05393e-14
1.05393e-14
1.05393e-14
1.05393e-14
1.05393e-14
1.05393e-14
1.05393e-14
1.05393e-14
1.05393e-14
1.05393e-14
1.05393e-14
1.05393e-14
1.05393e-14
1.05393e-14
1.05393e-14
1.05393e-14
1.05393e-14
1.05393e-14
1.05393e-14
1.05393e-14
1.05393e-14
1.05393e-14
1.05393e-14
1.05393e-14
1.05393e-14
1.05393e-14
1.05393e-14
1.05393e-14
1.05393e-14
1.05393e-14
1.05393e-14
1.05393e-14
1.05393e-14
1.05393e-14
1.05393e-14
1.05393e-14
1.05393e-14
1.05393e-14
1.05393e-14
1.05393e-14
1.05393e-14
1.05393e-14
1.05393e-14
1.05393e-14
1.05393e-14
1.05393e-14
1.05393e-14
1.05393e-14
1.05393e-14
1.05393e-14
1.05393e-14
1.05393e-14
1.05393e-14
1.05393e-14
1.05393e-14
1.05393e-14
1.05393e-14
1.05393e-14
1.05393e-14
1.05393e-14
1.05393e-14
1.05393e-14
1.05393e-14
1.05393e-14
1.05393e-14
1.05393e-14
1.05393e-14
1.05393e-14
1.05393e-14
1.05393e-14
1.05393e-14
1.05393e-14
1.05393e-14
1.05393e-14
1.05393e-14
1.05393e-14
1.05393e-14
1.05393e-14
1.05393e-14
1.05393e-14
1.05393e-14
1.05393e-14
1.05393e-14
1.05393e-14
1.05393e-14
1.05393e-14
1.05393e-14
1.05393e-14
1.05393e-14
1.05393e-14
1.05393e-14
1.05393e-14
1.05393e-14
1.05393e-14
1.05393e-14
1.05393e-14
1.05393e-14
1.05393e-14
1.05393e-14
1.05393e-14
1.05393e-14
1.05393e-14
1.05393e-14
1.05393e-14
1.05393e-14
1.05393e-14
1.05393e-14
1.05393e-14
1.05393e-14
1.05393e-14
1.05393e-14
1.05393e-14
1.05393e-14
1.05393e-14
1.05393e-14
1.05393e-14
1.05393e-14
1.05393e-14
1.05393e-14
1.05393e-14
1.05393e-14
1.05393e-14
1.05393e-14
1.05393e-14
1.05393e-14
1.05393e-14
1.05393e-14
1.05393e-14
1.05393e-14
1.05393e-14
1.05393e-14
1.05393e-14
1.05393e-14
1.05393e-14
1.05393e-14
1.05393e-14
1.05393e-14
1.05393e-14
1.05393e-14
1.05393e-14
1.05393e-14
1.05393e-14
1.05393e-14
1.05393e-14
1.05393e-14
1.05393e-14
1.05393e-14
1.05393e-14
1.05393e-14
1.05393e-14
1.05393e-14
1.05393e-14
1.05393e-14
1.05393e-14
1.05393e-14
1.05393e-14
1.05393e-14
1.05393e-14
1.05393e-14
1.05393e-14
1.05393e-14
1.05393e-14
1.05393e-14
1.05393e-14
1.05393e-14
1.05393e-14
1.05393e-14
1.05393e-14
1.05393e-14
1.05393e-14
1.05393e-14
1.05393e-14
1.05393e-14
1.05393e-14
1.05393e-14
1.05393e-14
1.05393e-14
1.05393e-14
1.05393e-14
1.05393e-14
1.05393e-14
1.05393e-14
1.05393e-14
1.05393e-14
1.05393e-14
1.05393e-14
1.05393e-14
1.05393e-14
1.05393e-14
1.05393e-14
1.05393e-14
1.05393e-14
1.05393e-14
1.05393e-14
1.05393e-14
1.05393e-14
1.05393e-14
1.05393e-14
1.05393e-14
1.05393e-14
1.05393e-14
1.05393e-14
1.05393e-14
1.05393e-14
1.05393e-14
1.05393e-14
1.05393e-14
1.05393e-14
1.05393e-14
1.05393e-14
1.05393e-14
1.05393e-14
1.05393e-14
1.05393e-14
1.05393e-14
1.05393e-14
1.05393e-14
1.05393e-14
1.05393e-14
1.05393e-14
1.05393e-14
1.05393e-14
1.05393e-14
1.05393e-14
1.05393e-14
1.05393e-14
1.05393e-14
1.05393e-14
1.05393e-14
1.05393e-14
1.05393e-14
1.05393e-14
1.05393e-14
1.05393e-14
1.05393e-14
1.05393e-14
1.05393e-14
1.05393e-14
1.05393e-14
1.05393e-14
1.05393e-14
1.05393e-14
1.05393e-14
1.05393e-14
1.05393e-14
1.05393e-14
1.05393e-14
1.05393e-14
1.05393e-14
1.05393e-14
1.05393e-14
1.05393e-14
1.05393e-14
1.05393e-14
1.05393e-14
1.05393e-14
1.05393e-14
1.05393e-14
1.05393e-14
1.05393e-14
1.05393e-14
1.05393e-14
1.05393e-14
1.05393e-14
1.05393e-14
1.05393e-14
1.05393e-14
1.05393e-14
1.05393e-14
1.05393e-14
1.05393e-14
1.05393e-14
1.05393e-14
1.05393e-14
1.05393e-14
1.05393e-14
1.05393e-14
1.05393e-14
1.05393e-14
1.05393e-14
1.05393e-14
1.05393e-14
1.05393e-14
1.05393e-14
1.05393e-14
1.05393e-14
1.05393e-14
1.05393e-14
1.05393e-14
1.05393e-14
1.05393e-14
1.05393e-14
1.05393e-14
1.05393e-14
1.05393e-14
1.05393e-14
1.05393e-14
1.05393e-14
1.05393e-14
1.05393e-14
1.05393e-14
1.05393e-14
1.05393e-14
1.05393e-14
1.05393e-14
1.05393e-14
1.05393e-14
1.05393e-14
1.05393e-14
1.05393e-14
1.05393e-14
1.05393e-14
1.05393e-14
1.05393e-14
1.05393e-14
1.05393e-14
1.05393e-14
1.05393e-14
1.05393e-14
1.05393e-14
1.05393e-14
1.05393e-14
1.05393e-14
1.05393e-14
1.05393e-14
1.05393e-14
1.05393e-14
1.05393e-14
1.05393e-14
1.05393e-14
1.05393e-14
1.05393e-14
1.05393e-14
1.05393e-14
1.05393e-14
1.05393e-14
1.05393e-14
1.05393e-14
1.05393e-14
1.05393e-14
1.05393e-14
1.05393e-14
1.05393e-14
1.05393e-14
1.05393e-14
1.05393e-14
1.05393e-14
1.05393e-14
1.05393e-14
1.05393e-14
1.05393e-14
1.05393e-14
1.05393e-14
1.05393e-14
1.05393e-14
1.05393e-14
1.05393e-14
1.05393e-14
1.05393e-14
1.05393e-14
1.05393e-14
1.05393e-14
1.05393e-14
1.05393e-14
1.05393e-14
1.05393e-14
1.05393e-14
1.05393e-14
1.05393e-14
1.05393e-14
1.05393e-14
1.05393e-14
1.05393e-14
1.05393e-14
1.05393e-14
1.05393e-14
1.05393e-14
1.05393e-14
1.05393e-14
1.05393e-14
1.05393e-14
1.05393e-14
1.05393e-14
1.05393e-14
1.05393e-14
1.05393e-14
1.05393e-14
1.05393e-14
1.05393e-14
1.05393e-14
1.05393e-14
1.05393e-14
1.05393e-14
1.05393e-14
1.05393e-14
1.05393e-14
1.05393e-14
1.05393e-14
1.05393e-14
1.05393e-14
1.05393e-14
1.05393e-14
1.05393e-14
1.05393e-14
1.05393e-14
1.05393e-14
1.05393e-14
1.05393e-14
1.05393e-14
1.05393e-14
1.05393e-14
1.05393e-14
1.05393e-14
1.05393e-14
1.05393e-14
1.05393e-14
1.05393e-14
1.05393e-14
1.05393e-14
1.05393e-14
1.05393e-14
1.05393e-14
1.05393e-14
1.05393e-14
1.05393e-14
1.05393e-14
1.05393e-14
1.05393e-14
1.05393e-14
1.05393e-14
1.05393e-14
1.05393e-14
1.05393e-14
1.05393e-14
1.05393e-14
1.05393e-14
1.05393e-14
1.05393e-14
1.05393e-14
1.05393e-14
1.05393e-14
1.05393e-14
1.05393e-14
1.05393e-14
1.05393e-14
1.05393e-14
1.05393e-14
1.05393e-14
1.05393e-14
1.05393e-14
1.05393e-14
1.05393e-14
1.05393e-14
1.05393e-14
1.05393e-14
1.05393e-14
1.05393e-14
1.05393e-14
1.05393e-14
1.05393e-14
1.05393e-14
1.05393e-14
1.05393e-14
1.05393e-14
1.05393e-14
1.05393e-14
1.05393e-14
1.05393e-14
1.05393e-14
1.05393e-14
1.05393e-14
1.05393e-14
1.05393e-14
1.05393e-14
1.05393e-14
1.05393e-14
1.05393e-14
1.05393e-14
1.05393e-14
1.05393e-14
1.05393e-14
1.05393e-14
1.05393e-14
1.05393e-14
1.05393e-14
1.05393e-14
1.05393e-14
1.05393e-14
1.05393e-14
1.05393e-14
1.05393e-14
1.05393e-14
1.05393e-14
1.05393e-14
1.05393e-14
1.05393e-14
1.05393e-14
1.05393e-14
1.05393e-14
1.05393e-14
1.05393e-14
1.05393e-14
1.05393e-14
1.05393e-14
1.05393e-14
1.05393e-14
1.05393e-14
1.05393e-14
1.05393e-14
1.05393e-14
1.05393e-14
1.05393e-14
1.05393e-14
1.05393e-14
1.05393e-14
1.05393e-14
1.05393e-14
1.05393e-14
1.05393e-14
1.05393e-14
1.05393e-14
1.05393e-14
1.05393e-14
1.05393e-14
1.05393e-14
1.05393e-14
1.05393e-14
1.05393e-14
1.05393e-14
1.05393e-14
1.05393e-14
1.05393e-14
1.05393e-14
1.05393e-14
1.05393e-14
1.05393e-14
1.05393e-14
1.05393e-14
1.05393e-14
1.05393e-14
1.05393e-14
1.05393e-14
1.05393e-14
1.05393e-14
1.05393e-14
1.05393e-14
1.05393e-14
1.05393e-14
1.05393e-14
1.05393e-14
1.05393e-14
1.05393e-14
1.05393e-14
1.05393e-14
1.05393e-14
1.05393e-14
1.05393e-14
1.05393e-14
1.05393e-14
1.05393e-14
1.05393e-14
1.05393e-14
1.05393e-14
1.05393e-14
1.05393e-14
1.05393e-14
1.05393e-14
1.05393e-14
1.05393e-14
1.05393e-14
1.05393e-14
1.05393e-14
1.05393e-14
1.05393e-14
1.05393e-14
1.05393e-14
1.05393e-14
1.05393e-14
1.05393e-14
1.05393e-14
1.05393e-14
1.05393e-14
1.05393e-14
1.05393e-14
1.05393e-14
1.05393e-14
1.05393e-14
1.05393e-14
1.05393e-14
1.05393e-14
1.05393e-14
1.05393e-14
1.05393e-14
1.05393e-14
1.05393e-14
1.05393e-14
1.05393e-14
1.05393e-14
1.05393e-14
1.05393e-14
1.05393e-14
1.05393e-14
1.05393e-14
1.05393e-14
1.05393e-14
1.05393e-14
1.05393e-14
1.05393e-14
1.05393e-14
1.05393e-14
1.05393e-14
1.05393e-14
)
;

boundaryField
{
    defaultFaces
    {
        type            empty;
    }
}


// ************************************************************************* //
