/*--------------------------------*- C++ -*----------------------------------*\
| =========                 |                                                 |
| \\      /  F ield         | OpenFOAM: The Open Source CFD Toolbox           |
|  \\    /   O peration     | Version:  4.1                                   |
|   \\  /    A nd           | Web:      www.OpenFOAM.org                      |
|    \\/     M anipulation  |                                                 |
\*---------------------------------------------------------------------------*/
FoamFile
{
    version     2.0;
    format      ascii;
    class       volScalarField;
    location    "600";
    object      p;
}
// * * * * * * * * * * * * * * * * * * * * * * * * * * * * * * * * * * * * * //

dimensions      [0 2 -2 0 0 0 0];

internalField   nonuniform List<scalar> 
1000
(
0
9.09495e-13
2.27374e-12
2.72848e-12
3.63798e-12
3.18323e-12
4.09273e-12
4.09273e-12
4.54747e-12
4.09273e-12
9.09495e-13
9.09495e-13
2.27374e-12
3.18323e-12
3.63798e-12
3.63798e-12
4.09273e-12
4.09273e-12
4.54747e-12
4.54747e-12
2.27374e-12
2.27374e-12
2.72848e-12
3.18323e-12
3.63798e-12
3.63798e-12
4.09273e-12
3.63798e-12
4.54747e-12
4.09273e-12
2.72848e-12
2.72848e-12
3.18323e-12
2.72848e-12
3.18323e-12
3.63798e-12
3.63798e-12
3.18323e-12
3.63798e-12
3.63798e-12
3.18323e-12
3.18323e-12
3.18323e-12
2.72848e-12
2.72848e-12
3.63798e-12
3.63798e-12
3.63798e-12
3.63798e-12
3.18323e-12
3.63798e-12
3.63798e-12
3.18323e-12
3.18323e-12
3.18323e-12
4.09273e-12
3.63798e-12
3.63798e-12
3.63798e-12
3.63798e-12
3.63798e-12
3.63798e-12
2.72848e-12
3.18323e-12
3.18323e-12
3.63798e-12
3.63798e-12
3.18323e-12
3.63798e-12
3.63798e-12
4.09273e-12
4.09273e-12
3.63798e-12
4.09273e-12
3.63798e-12
3.18323e-12
3.18323e-12
3.18323e-12
3.63798e-12
3.18323e-12
4.54747e-12
4.54747e-12
4.09273e-12
4.09273e-12
4.09273e-12
4.09273e-12
3.63798e-12
3.63798e-12
3.63798e-12
3.63798e-12
4.54747e-12
4.09273e-12
3.63798e-12
4.09273e-12
3.63798e-12
3.63798e-12
3.63798e-12
3.63798e-12
3.63798e-12
3.63798e-12
-2354.4
-2354.4
-2354.4
-2354.4
-2354.4
-2354.4
-2354.4
-2354.4
-2354.4
-2354.4
-2354.4
-2354.4
-2354.4
-2354.4
-2354.4
-2354.4
-2354.4
-2354.4
-2354.4
-2354.4
-2354.4
-2354.4
-2354.4
-2354.4
-2354.4
-2354.4
-2354.4
-2354.4
-2354.4
-2354.4
-2354.4
-2354.4
-2354.4
-2354.4
-2354.4
-2354.4
-2354.4
-2354.4
-2354.4
-2354.4
-2354.4
-2354.4
-2354.4
-2354.4
-2354.4
-2354.4
-2354.4
-2354.4
-2354.4
-2354.4
-2354.4
-2354.4
-2354.4
-2354.4
-2354.4
-2354.4
-2354.4
-2354.4
-2354.4
-2354.4
-2354.4
-2354.4
-2354.4
-2354.4
-2354.4
-2354.4
-2354.4
-2354.4
-2354.4
-2354.4
-2354.4
-2354.4
-2354.4
-2354.4
-2354.4
-2354.4
-2354.4
-2354.4
-2354.4
-2354.4
-2354.4
-2354.4
-2354.4
-2354.4
-2354.4
-2354.4
-2354.4
-2354.4
-2354.4
-2354.4
-2354.4
-2354.4
-2354.4
-2354.4
-2354.4
-2354.4
-2354.4
-2354.4
-2354.4
-2354.4
-4708.8
-4708.8
-4708.8
-4708.8
-4708.8
-4708.8
-4708.8
-4708.8
-4708.8
-4708.8
-4708.8
-4708.8
-4708.8
-4708.8
-4708.8
-4708.8
-4708.8
-4708.8
-4708.8
-4708.8
-4708.8
-4708.8
-4708.8
-4708.8
-4708.8
-4708.8
-4708.8
-4708.8
-4708.8
-4708.8
-4708.8
-4708.8
-4708.8
-4708.8
-4708.8
-4708.8
-4708.8
-4708.8
-4708.8
-4708.8
-4708.8
-4708.8
-4708.8
-4708.8
-4708.8
-4708.8
-4708.8
-4708.8
-4708.8
-4708.8
-4708.8
-4708.8
-4708.8
-4708.8
-4708.8
-4708.8
-4708.8
-4708.8
-4708.8
-4708.8
-4708.8
-4708.8
-4708.8
-4708.8
-4708.8
-4708.8
-4708.8
-4708.8
-4708.8
-4708.8
-4708.8
-4708.8
-4708.8
-4708.8
-4708.8
-4708.8
-4708.8
-4708.8
-4708.8
-4708.8
-4708.8
-4708.8
-4708.8
-4708.8
-4708.8
-4708.8
-4708.8
-4708.8
-4708.8
-4708.8
-4708.8
-4708.8
-4708.8
-4708.8
-4708.8
-4708.8
-4708.8
-4708.8
-4708.8
-4708.8
-7063.2
-7063.2
-7063.2
-7063.2
-7063.2
-7063.2
-7063.2
-7063.2
-7063.2
-7063.2
-7063.2
-7063.2
-7063.2
-7063.2
-7063.2
-7063.2
-7063.2
-7063.2
-7063.2
-7063.2
-7063.2
-7063.2
-7063.2
-7063.2
-7063.2
-7063.2
-7063.2
-7063.2
-7063.2
-7063.2
-7063.2
-7063.2
-7063.2
-7063.2
-7063.2
-7063.2
-7063.2
-7063.2
-7063.2
-7063.2
-7063.2
-7063.2
-7063.2
-7063.2
-7063.2
-7063.2
-7063.2
-7063.2
-7063.2
-7063.2
-7063.2
-7063.2
-7063.2
-7063.2
-7063.2
-7063.2
-7063.2
-7063.2
-7063.2
-7063.2
-7063.2
-7063.2
-7063.2
-7063.2
-7063.2
-7063.2
-7063.2
-7063.2
-7063.2
-7063.2
-7063.2
-7063.2
-7063.2
-7063.2
-7063.2
-7063.2
-7063.2
-7063.2
-7063.2
-7063.2
-7063.2
-7063.2
-7063.2
-7063.2
-7063.2
-7063.2
-7063.2
-7063.2
-7063.2
-7063.2
-7063.2
-7063.2
-7063.2
-7063.2
-7063.2
-7063.2
-7063.2
-7063.2
-7063.2
-7063.2
-9417.6
-9417.6
-9417.6
-9417.6
-9417.6
-9417.6
-9417.6
-9417.6
-9417.6
-9417.6
-9417.6
-9417.6
-9417.6
-9417.6
-9417.6
-9417.6
-9417.6
-9417.6
-9417.6
-9417.6
-9417.6
-9417.6
-9417.6
-9417.6
-9417.6
-9417.6
-9417.6
-9417.6
-9417.6
-9417.6
-9417.6
-9417.6
-9417.6
-9417.6
-9417.6
-9417.6
-9417.6
-9417.6
-9417.6
-9417.6
-9417.6
-9417.6
-9417.6
-9417.6
-9417.6
-9417.6
-9417.6
-9417.6
-9417.6
-9417.6
-9417.6
-9417.6
-9417.6
-9417.6
-9417.6
-9417.6
-9417.6
-9417.6
-9417.6
-9417.6
-9417.6
-9417.6
-9417.6
-9417.6
-9417.6
-9417.6
-9417.6
-9417.6
-9417.6
-9417.6
-9417.6
-9417.6
-9417.6
-9417.6
-9417.6
-9417.6
-9417.6
-9417.6
-9417.6
-9417.6
-9417.6
-9417.6
-9417.6
-9417.6
-9417.6
-9417.6
-9417.6
-9417.6
-9417.6
-9417.6
-9417.6
-9417.6
-9417.6
-9417.6
-9417.6
-9417.6
-9417.6
-9417.6
-9417.6
-9417.6
-11772
-11772
-11772
-11772
-11772
-11772
-11772
-11772
-11772
-11772
-11772
-11772
-11772
-11772
-11772
-11772
-11772
-11772
-11772
-11772
-11772
-11772
-11772
-11772
-11772
-11772
-11772
-11772
-11772
-11772
-11772
-11772
-11772
-11772
-11772
-11772
-11772
-11772
-11772
-11772
-11772
-11772
-11772
-11772
-11772
-11772
-11772
-11772
-11772
-11772
-11772
-11772
-11772
-11772
-11772
-11772
-11772
-11772
-11772
-11772
-11772
-11772
-11772
-11772
-11772
-11772
-11772
-11772
-11772
-11772
-11772
-11772
-11772
-11772
-11772
-11772
-11772
-11772
-11772
-11772
-11772
-11772
-11772
-11772
-11772
-11772
-11772
-11772
-11772
-11772
-11772
-11772
-11772
-11772
-11772
-11772
-11772
-11772
-11772
-11772
-14126.4
-14126.4
-14126.4
-14126.4
-14126.4
-14126.4
-14126.4
-14126.4
-14126.4
-14126.4
-14126.4
-14126.4
-14126.4
-14126.4
-14126.4
-14126.4
-14126.4
-14126.4
-14126.4
-14126.4
-14126.4
-14126.4
-14126.4
-14126.4
-14126.4
-14126.4
-14126.4
-14126.4
-14126.4
-14126.4
-14126.4
-14126.4
-14126.4
-14126.4
-14126.4
-14126.4
-14126.4
-14126.4
-14126.4
-14126.4
-14126.4
-14126.4
-14126.4
-14126.4
-14126.4
-14126.4
-14126.4
-14126.4
-14126.4
-14126.4
-14126.4
-14126.4
-14126.4
-14126.4
-14126.4
-14126.4
-14126.4
-14126.4
-14126.4
-14126.4
-14126.4
-14126.4
-14126.4
-14126.4
-14126.4
-14126.4
-14126.4
-14126.4
-14126.4
-14126.4
-14126.4
-14126.4
-14126.4
-14126.4
-14126.4
-14126.4
-14126.4
-14126.4
-14126.4
-14126.4
-14126.4
-14126.4
-14126.4
-14126.4
-14126.4
-14126.4
-14126.4
-14126.4
-14126.4
-14126.4
-14126.4
-14126.4
-14126.4
-14126.4
-14126.4
-14126.4
-14126.4
-14126.4
-14126.4
-14126.4
-16480.8
-16480.8
-16480.8
-16480.8
-16480.8
-16480.8
-16480.8
-16480.8
-16480.8
-16480.8
-16480.8
-16480.8
-16480.8
-16480.8
-16480.8
-16480.8
-16480.8
-16480.8
-16480.8
-16480.8
-16480.8
-16480.8
-16480.8
-16480.8
-16480.8
-16480.8
-16480.8
-16480.8
-16480.8
-16480.8
-16480.8
-16480.8
-16480.8
-16480.8
-16480.8
-16480.8
-16480.8
-16480.8
-16480.8
-16480.8
-16480.8
-16480.8
-16480.8
-16480.8
-16480.8
-16480.8
-16480.8
-16480.8
-16480.8
-16480.8
-16480.8
-16480.8
-16480.8
-16480.8
-16480.8
-16480.8
-16480.8
-16480.8
-16480.8
-16480.8
-16480.8
-16480.8
-16480.8
-16480.8
-16480.8
-16480.8
-16480.8
-16480.8
-16480.8
-16480.8
-16480.8
-16480.8
-16480.8
-16480.8
-16480.8
-16480.8
-16480.8
-16480.8
-16480.8
-16480.8
-16480.8
-16480.8
-16480.8
-16480.8
-16480.8
-16480.8
-16480.8
-16480.8
-16480.8
-16480.8
-16480.8
-16480.8
-16480.8
-16480.8
-16480.8
-16480.8
-16480.8
-16480.8
-16480.8
-16480.8
-18835.2
-18835.2
-18835.2
-18835.2
-18835.2
-18835.2
-18835.2
-18835.2
-18835.2
-18835.2
-18835.2
-18835.2
-18835.2
-18835.2
-18835.2
-18835.2
-18835.2
-18835.2
-18835.2
-18835.2
-18835.2
-18835.2
-18835.2
-18835.2
-18835.2
-18835.2
-18835.2
-18835.2
-18835.2
-18835.2
-18835.2
-18835.2
-18835.2
-18835.2
-18835.2
-18835.2
-18835.2
-18835.2
-18835.2
-18835.2
-18835.2
-18835.2
-18835.2
-18835.2
-18835.2
-18835.2
-18835.2
-18835.2
-18835.2
-18835.2
-18835.2
-18835.2
-18835.2
-18835.2
-18835.2
-18835.2
-18835.2
-18835.2
-18835.2
-18835.2
-18835.2
-18835.2
-18835.2
-18835.2
-18835.2
-18835.2
-18835.2
-18835.2
-18835.2
-18835.2
-18835.2
-18835.2
-18835.2
-18835.2
-18835.2
-18835.2
-18835.2
-18835.2
-18835.2
-18835.2
-18835.2
-18835.2
-18835.2
-18835.2
-18835.2
-18835.2
-18835.2
-18835.2
-18835.2
-18835.2
-18835.2
-18835.2
-18835.2
-18835.2
-18835.2
-18835.2
-18835.2
-18835.2
-18835.2
-18835.2
-21189.6
-21189.6
-21189.6
-21189.6
-21189.6
-21189.6
-21189.6
-21189.6
-21189.6
-21189.6
-21189.6
-21189.6
-21189.6
-21189.6
-21189.6
-21189.6
-21189.6
-21189.6
-21189.6
-21189.6
-21189.6
-21189.6
-21189.6
-21189.6
-21189.6
-21189.6
-21189.6
-21189.6
-21189.6
-21189.6
-21189.6
-21189.6
-21189.6
-21189.6
-21189.6
-21189.6
-21189.6
-21189.6
-21189.6
-21189.6
-21189.6
-21189.6
-21189.6
-21189.6
-21189.6
-21189.6
-21189.6
-21189.6
-21189.6
-21189.6
-21189.6
-21189.6
-21189.6
-21189.6
-21189.6
-21189.6
-21189.6
-21189.6
-21189.6
-21189.6
-21189.6
-21189.6
-21189.6
-21189.6
-21189.6
-21189.6
-21189.6
-21189.6
-21189.6
-21189.6
-21189.6
-21189.6
-21189.6
-21189.6
-21189.6
-21189.6
-21189.6
-21189.6
-21189.6
-21189.6
-21189.6
-21189.6
-21189.6
-21189.6
-21189.6
-21189.6
-21189.6
-21189.6
-21189.6
-21189.6
-21189.6
-21189.6
-21189.6
-21189.6
-21189.6
-21189.6
-21189.6
-21189.6
-21189.6
-21189.6
)
;

boundaryField
{
    defaultFaces
    {
        type            empty;
    }
}


// ************************************************************************* //
