/*--------------------------------*- C++ -*----------------------------------*\
| =========                 |                                                 |
| \\      /  F ield         | OpenFOAM: The Open Source CFD Toolbox           |
|  \\    /   O peration     | Version:  4.1                                   |
|   \\  /    A nd           | Web:      www.OpenFOAM.org                      |
|    \\/     M anipulation  |                                                 |
\*---------------------------------------------------------------------------*/
FoamFile
{
    version     2.0;
    format      ascii;
    class       labelList;
    location    "constant/polyMesh";
    object      cellProcAddressing;
}
// * * * * * * * * * * * * * * * * * * * * * * * * * * * * * * * * * * * * * //


2000
(
210
211
212
213
214
215
216
217
218
219
230
231
232
233
234
235
236
237
238
239
250
251
252
253
254
255
256
257
258
259
270
271
272
273
274
275
276
277
278
279
290
291
292
293
294
295
296
297
298
299
310
311
312
313
314
315
316
317
318
319
330
331
332
333
334
335
336
337
338
339
350
351
352
353
354
355
356
357
358
359
370
371
372
373
374
375
376
377
378
379
390
391
392
393
394
395
396
397
398
399
610
611
612
613
614
615
616
617
618
619
630
631
632
633
634
635
636
637
638
639
650
651
652
653
654
655
656
657
658
659
670
671
672
673
674
675
676
677
678
679
690
691
692
693
694
695
696
697
698
699
710
711
712
713
714
715
716
717
718
719
730
731
732
733
734
735
736
737
738
739
750
751
752
753
754
755
756
757
758
759
770
771
772
773
774
775
776
777
778
779
790
791
792
793
794
795
796
797
798
799
1010
1011
1012
1013
1014
1015
1016
1017
1018
1019
1030
1031
1032
1033
1034
1035
1036
1037
1038
1039
1050
1051
1052
1053
1054
1055
1056
1057
1058
1059
1070
1071
1072
1073
1074
1075
1076
1077
1078
1079
1090
1091
1092
1093
1094
1095
1096
1097
1098
1099
1110
1111
1112
1113
1114
1115
1116
1117
1118
1119
1130
1131
1132
1133
1134
1135
1136
1137
1138
1139
1150
1151
1152
1153
1154
1155
1156
1157
1158
1159
1170
1171
1172
1173
1174
1175
1176
1177
1178
1179
1190
1191
1192
1193
1194
1195
1196
1197
1198
1199
1410
1411
1412
1413
1414
1415
1416
1417
1418
1419
1430
1431
1432
1433
1434
1435
1436
1437
1438
1439
1450
1451
1452
1453
1454
1455
1456
1457
1458
1459
1470
1471
1472
1473
1474
1475
1476
1477
1478
1479
1490
1491
1492
1493
1494
1495
1496
1497
1498
1499
1510
1511
1512
1513
1514
1515
1516
1517
1518
1519
1530
1531
1532
1533
1534
1535
1536
1537
1538
1539
1550
1551
1552
1553
1554
1555
1556
1557
1558
1559
1570
1571
1572
1573
1574
1575
1576
1577
1578
1579
1590
1591
1592
1593
1594
1595
1596
1597
1598
1599
1810
1811
1812
1813
1814
1815
1816
1817
1818
1819
1830
1831
1832
1833
1834
1835
1836
1837
1838
1839
1850
1851
1852
1853
1854
1855
1856
1857
1858
1859
1870
1871
1872
1873
1874
1875
1876
1877
1878
1879
1890
1891
1892
1893
1894
1895
1896
1897
1898
1899
1910
1911
1912
1913
1914
1915
1916
1917
1918
1919
1930
1931
1932
1933
1934
1935
1936
1937
1938
1939
1950
1951
1952
1953
1954
1955
1956
1957
1958
1959
1970
1971
1972
1973
1974
1975
1976
1977
1978
1979
1990
1991
1992
1993
1994
1995
1996
1997
1998
1999
2210
2211
2212
2213
2214
2215
2216
2217
2218
2219
2230
2231
2232
2233
2234
2235
2236
2237
2238
2239
2250
2251
2252
2253
2254
2255
2256
2257
2258
2259
2270
2271
2272
2273
2274
2275
2276
2277
2278
2279
2290
2291
2292
2293
2294
2295
2296
2297
2298
2299
2310
2311
2312
2313
2314
2315
2316
2317
2318
2319
2330
2331
2332
2333
2334
2335
2336
2337
2338
2339
2350
2351
2352
2353
2354
2355
2356
2357
2358
2359
2370
2371
2372
2373
2374
2375
2376
2377
2378
2379
2390
2391
2392
2393
2394
2395
2396
2397
2398
2399
2610
2611
2612
2613
2614
2615
2616
2617
2618
2619
2630
2631
2632
2633
2634
2635
2636
2637
2638
2639
2650
2651
2652
2653
2654
2655
2656
2657
2658
2659
2670
2671
2672
2673
2674
2675
2676
2677
2678
2679
2690
2691
2692
2693
2694
2695
2696
2697
2698
2699
2710
2711
2712
2713
2714
2715
2716
2717
2718
2719
2730
2731
2732
2733
2734
2735
2736
2737
2738
2739
2750
2751
2752
2753
2754
2755
2756
2757
2758
2759
2770
2771
2772
2773
2774
2775
2776
2777
2778
2779
2790
2791
2792
2793
2794
2795
2796
2797
2798
2799
3010
3011
3012
3013
3014
3015
3016
3017
3018
3019
3030
3031
3032
3033
3034
3035
3036
3037
3038
3039
3050
3051
3052
3053
3054
3055
3056
3057
3058
3059
3070
3071
3072
3073
3074
3075
3076
3077
3078
3079
3090
3091
3092
3093
3094
3095
3096
3097
3098
3099
3110
3111
3112
3113
3114
3115
3116
3117
3118
3119
3130
3131
3132
3133
3134
3135
3136
3137
3138
3139
3150
3151
3152
3153
3154
3155
3156
3157
3158
3159
3170
3171
3172
3173
3174
3175
3176
3177
3178
3179
3190
3191
3192
3193
3194
3195
3196
3197
3198
3199
3410
3411
3412
3413
3414
3415
3416
3417
3418
3419
3430
3431
3432
3433
3434
3435
3436
3437
3438
3439
3450
3451
3452
3453
3454
3455
3456
3457
3458
3459
3470
3471
3472
3473
3474
3475
3476
3477
3478
3479
3490
3491
3492
3493
3494
3495
3496
3497
3498
3499
3510
3511
3512
3513
3514
3515
3516
3517
3518
3519
3530
3531
3532
3533
3534
3535
3536
3537
3538
3539
3550
3551
3552
3553
3554
3555
3556
3557
3558
3559
3570
3571
3572
3573
3574
3575
3576
3577
3578
3579
3590
3591
3592
3593
3594
3595
3596
3597
3598
3599
3810
3811
3812
3813
3814
3815
3816
3817
3818
3819
3830
3831
3832
3833
3834
3835
3836
3837
3838
3839
3850
3851
3852
3853
3854
3855
3856
3857
3858
3859
3870
3871
3872
3873
3874
3875
3876
3877
3878
3879
3890
3891
3892
3893
3894
3895
3896
3897
3898
3899
3910
3911
3912
3913
3914
3915
3916
3917
3918
3919
3930
3931
3932
3933
3934
3935
3936
3937
3938
3939
3950
3951
3952
3953
3954
3955
3956
3957
3958
3959
3970
3971
3972
3973
3974
3975
3976
3977
3978
3979
3990
3991
3992
3993
3994
3995
3996
3997
3998
3999
4210
4211
4212
4213
4214
4215
4216
4217
4218
4219
4230
4231
4232
4233
4234
4235
4236
4237
4238
4239
4250
4251
4252
4253
4254
4255
4256
4257
4258
4259
4270
4271
4272
4273
4274
4275
4276
4277
4278
4279
4290
4291
4292
4293
4294
4295
4296
4297
4298
4299
4310
4311
4312
4313
4314
4315
4316
4317
4318
4319
4330
4331
4332
4333
4334
4335
4336
4337
4338
4339
4350
4351
4352
4353
4354
4355
4356
4357
4358
4359
4370
4371
4372
4373
4374
4375
4376
4377
4378
4379
4390
4391
4392
4393
4394
4395
4396
4397
4398
4399
4610
4611
4612
4613
4614
4615
4616
4617
4618
4619
4630
4631
4632
4633
4634
4635
4636
4637
4638
4639
4650
4651
4652
4653
4654
4655
4656
4657
4658
4659
4670
4671
4672
4673
4674
4675
4676
4677
4678
4679
4690
4691
4692
4693
4694
4695
4696
4697
4698
4699
4710
4711
4712
4713
4714
4715
4716
4717
4718
4719
4730
4731
4732
4733
4734
4735
4736
4737
4738
4739
4750
4751
4752
4753
4754
4755
4756
4757
4758
4759
4770
4771
4772
4773
4774
4775
4776
4777
4778
4779
4790
4791
4792
4793
4794
4795
4796
4797
4798
4799
5010
5011
5012
5013
5014
5015
5016
5017
5018
5019
5030
5031
5032
5033
5034
5035
5036
5037
5038
5039
5050
5051
5052
5053
5054
5055
5056
5057
5058
5059
5070
5071
5072
5073
5074
5075
5076
5077
5078
5079
5090
5091
5092
5093
5094
5095
5096
5097
5098
5099
5110
5111
5112
5113
5114
5115
5116
5117
5118
5119
5130
5131
5132
5133
5134
5135
5136
5137
5138
5139
5150
5151
5152
5153
5154
5155
5156
5157
5158
5159
5170
5171
5172
5173
5174
5175
5176
5177
5178
5179
5190
5191
5192
5193
5194
5195
5196
5197
5198
5199
5410
5411
5412
5413
5414
5415
5416
5417
5418
5419
5430
5431
5432
5433
5434
5435
5436
5437
5438
5439
5450
5451
5452
5453
5454
5455
5456
5457
5458
5459
5470
5471
5472
5473
5474
5475
5476
5477
5478
5479
5490
5491
5492
5493
5494
5495
5496
5497
5498
5499
5510
5511
5512
5513
5514
5515
5516
5517
5518
5519
5530
5531
5532
5533
5534
5535
5536
5537
5538
5539
5550
5551
5552
5553
5554
5555
5556
5557
5558
5559
5570
5571
5572
5573
5574
5575
5576
5577
5578
5579
5590
5591
5592
5593
5594
5595
5596
5597
5598
5599
5810
5811
5812
5813
5814
5815
5816
5817
5818
5819
5830
5831
5832
5833
5834
5835
5836
5837
5838
5839
5850
5851
5852
5853
5854
5855
5856
5857
5858
5859
5870
5871
5872
5873
5874
5875
5876
5877
5878
5879
5890
5891
5892
5893
5894
5895
5896
5897
5898
5899
5910
5911
5912
5913
5914
5915
5916
5917
5918
5919
5930
5931
5932
5933
5934
5935
5936
5937
5938
5939
5950
5951
5952
5953
5954
5955
5956
5957
5958
5959
5970
5971
5972
5973
5974
5975
5976
5977
5978
5979
5990
5991
5992
5993
5994
5995
5996
5997
5998
5999
6210
6211
6212
6213
6214
6215
6216
6217
6218
6219
6230
6231
6232
6233
6234
6235
6236
6237
6238
6239
6250
6251
6252
6253
6254
6255
6256
6257
6258
6259
6270
6271
6272
6273
6274
6275
6276
6277
6278
6279
6290
6291
6292
6293
6294
6295
6296
6297
6298
6299
6310
6311
6312
6313
6314
6315
6316
6317
6318
6319
6330
6331
6332
6333
6334
6335
6336
6337
6338
6339
6350
6351
6352
6353
6354
6355
6356
6357
6358
6359
6370
6371
6372
6373
6374
6375
6376
6377
6378
6379
6390
6391
6392
6393
6394
6395
6396
6397
6398
6399
6610
6611
6612
6613
6614
6615
6616
6617
6618
6619
6630
6631
6632
6633
6634
6635
6636
6637
6638
6639
6650
6651
6652
6653
6654
6655
6656
6657
6658
6659
6670
6671
6672
6673
6674
6675
6676
6677
6678
6679
6690
6691
6692
6693
6694
6695
6696
6697
6698
6699
6710
6711
6712
6713
6714
6715
6716
6717
6718
6719
6730
6731
6732
6733
6734
6735
6736
6737
6738
6739
6750
6751
6752
6753
6754
6755
6756
6757
6758
6759
6770
6771
6772
6773
6774
6775
6776
6777
6778
6779
6790
6791
6792
6793
6794
6795
6796
6797
6798
6799
7010
7011
7012
7013
7014
7015
7016
7017
7018
7019
7030
7031
7032
7033
7034
7035
7036
7037
7038
7039
7050
7051
7052
7053
7054
7055
7056
7057
7058
7059
7070
7071
7072
7073
7074
7075
7076
7077
7078
7079
7090
7091
7092
7093
7094
7095
7096
7097
7098
7099
7110
7111
7112
7113
7114
7115
7116
7117
7118
7119
7130
7131
7132
7133
7134
7135
7136
7137
7138
7139
7150
7151
7152
7153
7154
7155
7156
7157
7158
7159
7170
7171
7172
7173
7174
7175
7176
7177
7178
7179
7190
7191
7192
7193
7194
7195
7196
7197
7198
7199
7410
7411
7412
7413
7414
7415
7416
7417
7418
7419
7430
7431
7432
7433
7434
7435
7436
7437
7438
7439
7450
7451
7452
7453
7454
7455
7456
7457
7458
7459
7470
7471
7472
7473
7474
7475
7476
7477
7478
7479
7490
7491
7492
7493
7494
7495
7496
7497
7498
7499
7510
7511
7512
7513
7514
7515
7516
7517
7518
7519
7530
7531
7532
7533
7534
7535
7536
7537
7538
7539
7550
7551
7552
7553
7554
7555
7556
7557
7558
7559
7570
7571
7572
7573
7574
7575
7576
7577
7578
7579
7590
7591
7592
7593
7594
7595
7596
7597
7598
7599
7810
7811
7812
7813
7814
7815
7816
7817
7818
7819
7830
7831
7832
7833
7834
7835
7836
7837
7838
7839
7850
7851
7852
7853
7854
7855
7856
7857
7858
7859
7870
7871
7872
7873
7874
7875
7876
7877
7878
7879
7890
7891
7892
7893
7894
7895
7896
7897
7898
7899
7910
7911
7912
7913
7914
7915
7916
7917
7918
7919
7930
7931
7932
7933
7934
7935
7936
7937
7938
7939
7950
7951
7952
7953
7954
7955
7956
7957
7958
7959
7970
7971
7972
7973
7974
7975
7976
7977
7978
7979
7990
7991
7992
7993
7994
7995
7996
7997
7998
7999
)


// ************************************************************************* //
