/*--------------------------------*- C++ -*----------------------------------*\
| =========                 |                                                 |
| \\      /  F ield         | OpenFOAM: The Open Source CFD Toolbox           |
|  \\    /   O peration     | Version:  4.1                                   |
|   \\  /    A nd           | Web:      www.OpenFOAM.org                      |
|    \\/     M anipulation  |                                                 |
\*---------------------------------------------------------------------------*/
FoamFile
{
    version     2.0;
    format      ascii;
    class       vectorField;
    location    "constant/polyMesh";
    object      points;
}
// * * * * * * * * * * * * * * * * * * * * * * * * * * * * * * * * * * * * * //


2541
(
(0 -108.2464081 100)
(60 -108.2464081 100)
(120 -108.2464081 100)
(180 -108.2464081 100)
(240 -108.2464081 100)
(300 -108.2464081 100)
(360 -108.2464081 100)
(420 -108.2464081 100)
(480 -108.2464081 100)
(540 -108.2464081 100)
(600 -108.2464081 100)
(0 -48.47324798 100)
(60 -48.47324798 100)
(120 -48.47324798 100)
(180 -48.47324798 100)
(240 -48.47324798 100)
(300 -48.47324798 100)
(360 -48.47324798 100)
(420 -48.47324798 100)
(480 -48.47324798 100)
(540 -48.47324798 100)
(600 -48.47324798 100)
(0 13.52078654 100)
(60 13.52078654 100)
(120 13.52078654 100)
(180 13.52078654 100)
(240 13.52078654 100)
(300 13.52078654 100)
(360 13.52078654 100)
(420 13.52078654 100)
(480 13.52078654 100)
(540 13.52078654 100)
(600 13.52078654 100)
(0 77.81821216 100)
(60 77.81821216 100)
(120 77.81821216 100)
(180 77.81821216 100)
(240 77.81821216 100)
(300 77.81821216 100)
(360 77.81821216 100)
(420 77.81821216 100)
(480 77.81821216 100)
(540 77.81821216 100)
(600 77.81821216 100)
(0 144.5046115 100)
(60 144.5046115 100)
(120 144.5046115 100)
(180 144.5046115 100)
(240 144.5046115 100)
(300 144.5046115 100)
(360 144.5046115 100)
(420 144.5046115 100)
(480 144.5046115 100)
(540 144.5046115 100)
(600 144.5046115 100)
(0 213.668747 100)
(60 213.668747 100)
(120 213.668747 100)
(180 213.668747 100)
(240 213.668747 100)
(300 213.668747 100)
(360 213.668747 100)
(420 213.668747 100)
(480 213.668747 100)
(540 213.668747 100)
(600 213.668747 100)
(0 285.402679 100)
(60 285.402679 100)
(120 285.402679 100)
(180 285.402679 100)
(240 285.402679 100)
(300 285.402679 100)
(360 285.402679 100)
(420 285.402679 100)
(480 285.402679 100)
(540 285.402679 100)
(600 285.402679 100)
(0 359.8018884 100)
(60 359.8018884 100)
(120 359.8018884 100)
(180 359.8018884 100)
(240 359.8018884 100)
(300 359.8018884 100)
(360 359.8018884 100)
(420 359.8018884 100)
(480 359.8018884 100)
(540 359.8018884 100)
(600 359.8018884 100)
(0 436.9654037 100)
(60 436.9654037 100)
(120 436.9654037 100)
(180 436.9654037 100)
(240 436.9654037 100)
(300 436.9654037 100)
(360 436.9654037 100)
(420 436.9654037 100)
(480 436.9654037 100)
(540 436.9654037 100)
(600 436.9654037 100)
(0 516.9959329 100)
(60 516.9959329 100)
(120 516.9959329 100)
(180 516.9959329 100)
(240 516.9959329 100)
(300 516.9959329 100)
(360 516.9959329 100)
(420 516.9959329 100)
(480 516.9959329 100)
(540 516.9959329 100)
(600 516.9959329 100)
(0 600 100)
(60 600 100)
(120 600 100)
(180 600 100)
(240 600 100)
(300 600 100)
(360 600 100)
(420 600 100)
(480 600 100)
(540 600 100)
(600 600 100)
(0 -108.2464081 165.5760513)
(60 -108.2464081 165.5760513)
(120 -108.2464081 165.5760513)
(180 -108.2464081 165.5760513)
(240 -108.2464081 165.5760513)
(300 -108.2464081 165.5760513)
(360 -108.2464081 165.5760513)
(420 -108.2464081 165.5760513)
(480 -108.2464081 165.5760513)
(540 -108.2464081 165.5760513)
(600 -108.2464081 165.5760513)
(0 -48.47324798 165.5760513)
(60 -48.47324798 165.5760513)
(120 -48.47324798 165.5760513)
(180 -48.47324798 165.5760513)
(240 -48.47324798 165.5760513)
(300 -48.47324798 165.5760513)
(360 -48.47324798 165.5760513)
(420 -48.47324798 165.5760513)
(480 -48.47324798 165.5760513)
(540 -48.47324798 165.5760513)
(600 -48.47324798 165.5760513)
(0 13.52078654 165.5760513)
(60 13.52078654 165.5760513)
(120 13.52078654 165.5760513)
(180 13.52078654 165.5760513)
(240 13.52078654 165.5760513)
(300 13.52078654 165.5760513)
(360 13.52078654 165.5760513)
(420 13.52078654 165.5760513)
(480 13.52078654 165.5760513)
(540 13.52078654 165.5760513)
(600 13.52078654 165.5760513)
(0 77.81821216 165.5760513)
(60 77.81821216 165.5760513)
(120 77.81821216 165.5760513)
(180 77.81821216 165.5760513)
(240 77.81821216 165.5760513)
(300 77.81821216 165.5760513)
(360 77.81821216 165.5760513)
(420 77.81821216 165.5760513)
(480 77.81821216 165.5760513)
(540 77.81821216 165.5760513)
(600 77.81821216 165.5760513)
(0 144.5046115 165.5760513)
(60 144.5046115 165.5760513)
(120 144.5046115 165.5760513)
(180 144.5046115 165.5760513)
(240 144.5046115 165.5760513)
(300 144.5046115 165.5760513)
(360 144.5046115 165.5760513)
(420 144.5046115 165.5760513)
(480 144.5046115 165.5760513)
(540 144.5046115 165.5760513)
(600 144.5046115 165.5760513)
(0 213.668747 165.5760513)
(60 213.668747 165.5760513)
(120 213.668747 165.5760513)
(180 213.668747 165.5760513)
(240 213.668747 165.5760513)
(300 213.668747 165.5760513)
(360 213.668747 165.5760513)
(420 213.668747 165.5760513)
(480 213.668747 165.5760513)
(540 213.668747 165.5760513)
(600 213.668747 165.5760513)
(0 285.402679 165.5760513)
(60 285.402679 165.5760513)
(120 285.402679 165.5760513)
(180 285.402679 165.5760513)
(240 285.402679 165.5760513)
(300 285.402679 165.5760513)
(360 285.402679 165.5760513)
(420 285.402679 165.5760513)
(480 285.402679 165.5760513)
(540 285.402679 165.5760513)
(600 285.402679 165.5760513)
(0 359.8018884 165.5760513)
(60 359.8018884 165.5760513)
(120 359.8018884 165.5760513)
(180 359.8018884 165.5760513)
(240 359.8018884 165.5760513)
(300 359.8018884 165.5760513)
(360 359.8018884 165.5760513)
(420 359.8018884 165.5760513)
(480 359.8018884 165.5760513)
(540 359.8018884 165.5760513)
(600 359.8018884 165.5760513)
(0 436.9654037 165.5760513)
(60 436.9654037 165.5760513)
(120 436.9654037 165.5760513)
(180 436.9654037 165.5760513)
(240 436.9654037 165.5760513)
(300 436.9654037 165.5760513)
(360 436.9654037 165.5760513)
(420 436.9654037 165.5760513)
(480 436.9654037 165.5760513)
(540 436.9654037 165.5760513)
(600 436.9654037 165.5760513)
(0 516.9959329 165.5760513)
(60 516.9959329 165.5760513)
(120 516.9959329 165.5760513)
(180 516.9959329 165.5760513)
(240 516.9959329 165.5760513)
(300 516.9959329 165.5760513)
(360 516.9959329 165.5760513)
(420 516.9959329 165.5760513)
(480 516.9959329 165.5760513)
(540 516.9959329 165.5760513)
(600 516.9959329 165.5760513)
(0 600 165.5760513)
(60 600 165.5760513)
(120 600 165.5760513)
(180 600 165.5760513)
(240 600 165.5760513)
(300 600 165.5760513)
(360 600 165.5760513)
(420 600 165.5760513)
(480 600 165.5760513)
(540 600 165.5760513)
(600 600 165.5760513)
(0 -108.2464081 235.0555868)
(60 -108.2464081 235.0555868)
(120 -108.2464081 235.0555868)
(180 -108.2464081 235.0555868)
(240 -108.2464081 235.0555868)
(300 -108.2464081 235.0555868)
(360 -108.2464081 235.0555868)
(420 -108.2464081 235.0555868)
(480 -108.2464081 235.0555868)
(540 -108.2464081 235.0555868)
(600 -108.2464081 235.0555868)
(0 -48.47324798 235.0555868)
(60 -48.47324798 235.0555868)
(120 -48.47324798 235.0555868)
(180 -48.47324798 235.0555868)
(240 -48.47324798 235.0555868)
(300 -48.47324798 235.0555868)
(360 -48.47324798 235.0555868)
(420 -48.47324798 235.0555868)
(480 -48.47324798 235.0555868)
(540 -48.47324798 235.0555868)
(600 -48.47324798 235.0555868)
(0 13.52078654 235.0555868)
(60 13.52078654 235.0555868)
(120 13.52078654 235.0555868)
(180 13.52078654 235.0555868)
(240 13.52078654 235.0555868)
(300 13.52078654 235.0555868)
(360 13.52078654 235.0555868)
(420 13.52078654 235.0555868)
(480 13.52078654 235.0555868)
(540 13.52078654 235.0555868)
(600 13.52078654 235.0555868)
(0 77.81821216 235.0555868)
(60 77.81821216 235.0555868)
(120 77.81821216 235.0555868)
(180 77.81821216 235.0555868)
(240 77.81821216 235.0555868)
(300 77.81821216 235.0555868)
(360 77.81821216 235.0555868)
(420 77.81821216 235.0555868)
(480 77.81821216 235.0555868)
(540 77.81821216 235.0555868)
(600 77.81821216 235.0555868)
(0 144.5046115 235.0555868)
(60 144.5046115 235.0555868)
(120 144.5046115 235.0555868)
(180 144.5046115 235.0555868)
(240 144.5046115 235.0555868)
(300 144.5046115 235.0555868)
(360 144.5046115 235.0555868)
(420 144.5046115 235.0555868)
(480 144.5046115 235.0555868)
(540 144.5046115 235.0555868)
(600 144.5046115 235.0555868)
(0 213.668747 235.0555868)
(60 213.668747 235.0555868)
(120 213.668747 235.0555868)
(180 213.668747 235.0555868)
(240 213.668747 235.0555868)
(300 213.668747 235.0555868)
(360 213.668747 235.0555868)
(420 213.668747 235.0555868)
(480 213.668747 235.0555868)
(540 213.668747 235.0555868)
(600 213.668747 235.0555868)
(0 285.402679 235.0555868)
(60 285.402679 235.0555868)
(120 285.402679 235.0555868)
(180 285.402679 235.0555868)
(240 285.402679 235.0555868)
(300 285.402679 235.0555868)
(360 285.402679 235.0555868)
(420 285.402679 235.0555868)
(480 285.402679 235.0555868)
(540 285.402679 235.0555868)
(600 285.402679 235.0555868)
(0 359.8018884 235.0555868)
(60 359.8018884 235.0555868)
(120 359.8018884 235.0555868)
(180 359.8018884 235.0555868)
(240 359.8018884 235.0555868)
(300 359.8018884 235.0555868)
(360 359.8018884 235.0555868)
(420 359.8018884 235.0555868)
(480 359.8018884 235.0555868)
(540 359.8018884 235.0555868)
(600 359.8018884 235.0555868)
(0 436.9654037 235.0555868)
(60 436.9654037 235.0555868)
(120 436.9654037 235.0555868)
(180 436.9654037 235.0555868)
(240 436.9654037 235.0555868)
(300 436.9654037 235.0555868)
(360 436.9654037 235.0555868)
(420 436.9654037 235.0555868)
(480 436.9654037 235.0555868)
(540 436.9654037 235.0555868)
(600 436.9654037 235.0555868)
(0 516.9959329 235.0555868)
(60 516.9959329 235.0555868)
(120 516.9959329 235.0555868)
(180 516.9959329 235.0555868)
(240 516.9959329 235.0555868)
(300 516.9959329 235.0555868)
(360 516.9959329 235.0555868)
(420 516.9959329 235.0555868)
(480 516.9959329 235.0555868)
(540 516.9959329 235.0555868)
(600 516.9959329 235.0555868)
(0 600 235.0555868)
(60 600 235.0555868)
(120 600 235.0555868)
(180 600 235.0555868)
(240 600 235.0555868)
(300 600 235.0555868)
(360 600 235.0555868)
(420 600 235.0555868)
(480 600 235.0555868)
(540 600 235.0555868)
(600 600 235.0555868)
(0 -108.2464081 308.6709657)
(60 -108.2464081 308.6709657)
(120 -108.2464081 308.6709657)
(180 -108.2464081 308.6709657)
(240 -108.2464081 308.6709657)
(300 -108.2464081 308.6709657)
(360 -108.2464081 308.6709657)
(420 -108.2464081 308.6709657)
(480 -108.2464081 308.6709657)
(540 -108.2464081 308.6709657)
(600 -108.2464081 308.6709657)
(0 -48.47324798 308.6709657)
(60 -48.47324798 308.6709657)
(120 -48.47324798 308.6709657)
(180 -48.47324798 308.6709657)
(240 -48.47324798 308.6709657)
(300 -48.47324798 308.6709657)
(360 -48.47324798 308.6709657)
(420 -48.47324798 308.6709657)
(480 -48.47324798 308.6709657)
(540 -48.47324798 308.6709657)
(600 -48.47324798 308.6709657)
(0 13.52078654 308.6709657)
(60 13.52078654 308.6709657)
(120 13.52078654 308.6709657)
(180 13.52078654 308.6709657)
(240 13.52078654 308.6709657)
(300 13.52078654 308.6709657)
(360 13.52078654 308.6709657)
(420 13.52078654 308.6709657)
(480 13.52078654 308.6709657)
(540 13.52078654 308.6709657)
(600 13.52078654 308.6709657)
(0 77.81821216 308.6709657)
(60 77.81821216 308.6709657)
(120 77.81821216 308.6709657)
(180 77.81821216 308.6709657)
(240 77.81821216 308.6709657)
(300 77.81821216 308.6709657)
(360 77.81821216 308.6709657)
(420 77.81821216 308.6709657)
(480 77.81821216 308.6709657)
(540 77.81821216 308.6709657)
(600 77.81821216 308.6709657)
(0 144.5046115 308.6709657)
(60 144.5046115 308.6709657)
(120 144.5046115 308.6709657)
(180 144.5046115 308.6709657)
(240 144.5046115 308.6709657)
(300 144.5046115 308.6709657)
(360 144.5046115 308.6709657)
(420 144.5046115 308.6709657)
(480 144.5046115 308.6709657)
(540 144.5046115 308.6709657)
(600 144.5046115 308.6709657)
(0 213.668747 308.6709657)
(60 213.668747 308.6709657)
(120 213.668747 308.6709657)
(180 213.668747 308.6709657)
(240 213.668747 308.6709657)
(300 213.668747 308.6709657)
(360 213.668747 308.6709657)
(420 213.668747 308.6709657)
(480 213.668747 308.6709657)
(540 213.668747 308.6709657)
(600 213.668747 308.6709657)
(0 285.402679 308.6709657)
(60 285.402679 308.6709657)
(120 285.402679 308.6709657)
(180 285.402679 308.6709657)
(240 285.402679 308.6709657)
(300 285.402679 308.6709657)
(360 285.402679 308.6709657)
(420 285.402679 308.6709657)
(480 285.402679 308.6709657)
(540 285.402679 308.6709657)
(600 285.402679 308.6709657)
(0 359.8018884 308.6709657)
(60 359.8018884 308.6709657)
(120 359.8018884 308.6709657)
(180 359.8018884 308.6709657)
(240 359.8018884 308.6709657)
(300 359.8018884 308.6709657)
(360 359.8018884 308.6709657)
(420 359.8018884 308.6709657)
(480 359.8018884 308.6709657)
(540 359.8018884 308.6709657)
(600 359.8018884 308.6709657)
(0 436.9654037 308.6709657)
(60 436.9654037 308.6709657)
(120 436.9654037 308.6709657)
(180 436.9654037 308.6709657)
(240 436.9654037 308.6709657)
(300 436.9654037 308.6709657)
(360 436.9654037 308.6709657)
(420 436.9654037 308.6709657)
(480 436.9654037 308.6709657)
(540 436.9654037 308.6709657)
(600 436.9654037 308.6709657)
(0 516.9959329 308.6709657)
(60 516.9959329 308.6709657)
(120 516.9959329 308.6709657)
(180 516.9959329 308.6709657)
(240 516.9959329 308.6709657)
(300 516.9959329 308.6709657)
(360 516.9959329 308.6709657)
(420 516.9959329 308.6709657)
(480 516.9959329 308.6709657)
(540 516.9959329 308.6709657)
(600 516.9959329 308.6709657)
(0 600 308.6709657)
(60 600 308.6709657)
(120 600 308.6709657)
(180 600 308.6709657)
(240 600 308.6709657)
(300 600 308.6709657)
(360 600 308.6709657)
(420 600 308.6709657)
(480 600 308.6709657)
(540 600 308.6709657)
(600 600 308.6709657)
(0 -108.2464081 386.6683784)
(60 -108.2464081 386.6683784)
(120 -108.2464081 386.6683784)
(180 -108.2464081 386.6683784)
(240 -108.2464081 386.6683784)
(300 -108.2464081 386.6683784)
(360 -108.2464081 386.6683784)
(420 -108.2464081 386.6683784)
(480 -108.2464081 386.6683784)
(540 -108.2464081 386.6683784)
(600 -108.2464081 386.6683784)
(0 -48.47324798 386.6683784)
(60 -48.47324798 386.6683784)
(120 -48.47324798 386.6683784)
(180 -48.47324798 386.6683784)
(240 -48.47324798 386.6683784)
(300 -48.47324798 386.6683784)
(360 -48.47324798 386.6683784)
(420 -48.47324798 386.6683784)
(480 -48.47324798 386.6683784)
(540 -48.47324798 386.6683784)
(600 -48.47324798 386.6683784)
(0 13.52078654 386.6683784)
(60 13.52078654 386.6683784)
(120 13.52078654 386.6683784)
(180 13.52078654 386.6683784)
(240 13.52078654 386.6683784)
(300 13.52078654 386.6683784)
(360 13.52078654 386.6683784)
(420 13.52078654 386.6683784)
(480 13.52078654 386.6683784)
(540 13.52078654 386.6683784)
(600 13.52078654 386.6683784)
(0 77.81821216 386.6683784)
(60 77.81821216 386.6683784)
(120 77.81821216 386.6683784)
(180 77.81821216 386.6683784)
(240 77.81821216 386.6683784)
(300 77.81821216 386.6683784)
(360 77.81821216 386.6683784)
(420 77.81821216 386.6683784)
(480 77.81821216 386.6683784)
(540 77.81821216 386.6683784)
(600 77.81821216 386.6683784)
(0 144.5046115 386.6683784)
(60 144.5046115 386.6683784)
(120 144.5046115 386.6683784)
(180 144.5046115 386.6683784)
(240 144.5046115 386.6683784)
(300 144.5046115 386.6683784)
(360 144.5046115 386.6683784)
(420 144.5046115 386.6683784)
(480 144.5046115 386.6683784)
(540 144.5046115 386.6683784)
(600 144.5046115 386.6683784)
(0 213.668747 386.6683784)
(60 213.668747 386.6683784)
(120 213.668747 386.6683784)
(180 213.668747 386.6683784)
(240 213.668747 386.6683784)
(300 213.668747 386.6683784)
(360 213.668747 386.6683784)
(420 213.668747 386.6683784)
(480 213.668747 386.6683784)
(540 213.668747 386.6683784)
(600 213.668747 386.6683784)
(0 285.402679 386.6683784)
(60 285.402679 386.6683784)
(120 285.402679 386.6683784)
(180 285.402679 386.6683784)
(240 285.402679 386.6683784)
(300 285.402679 386.6683784)
(360 285.402679 386.6683784)
(420 285.402679 386.6683784)
(480 285.402679 386.6683784)
(540 285.402679 386.6683784)
(600 285.402679 386.6683784)
(0 359.8018884 386.6683784)
(60 359.8018884 386.6683784)
(120 359.8018884 386.6683784)
(180 359.8018884 386.6683784)
(240 359.8018884 386.6683784)
(300 359.8018884 386.6683784)
(360 359.8018884 386.6683784)
(420 359.8018884 386.6683784)
(480 359.8018884 386.6683784)
(540 359.8018884 386.6683784)
(600 359.8018884 386.6683784)
(0 436.9654037 386.6683784)
(60 436.9654037 386.6683784)
(120 436.9654037 386.6683784)
(180 436.9654037 386.6683784)
(240 436.9654037 386.6683784)
(300 436.9654037 386.6683784)
(360 436.9654037 386.6683784)
(420 436.9654037 386.6683784)
(480 436.9654037 386.6683784)
(540 436.9654037 386.6683784)
(600 436.9654037 386.6683784)
(0 516.9959329 386.6683784)
(60 516.9959329 386.6683784)
(120 516.9959329 386.6683784)
(180 516.9959329 386.6683784)
(240 516.9959329 386.6683784)
(300 516.9959329 386.6683784)
(360 516.9959329 386.6683784)
(420 516.9959329 386.6683784)
(480 516.9959329 386.6683784)
(540 516.9959329 386.6683784)
(600 516.9959329 386.6683784)
(0 600 386.6683784)
(60 600 386.6683784)
(120 600 386.6683784)
(180 600 386.6683784)
(240 600 386.6683784)
(300 600 386.6683784)
(360 600 386.6683784)
(420 600 386.6683784)
(480 600 386.6683784)
(540 600 386.6683784)
(600 600 386.6683784)
(0 -108.2464081 469.3086701)
(60 -108.2464081 469.3086701)
(120 -108.2464081 469.3086701)
(180 -108.2464081 469.3086701)
(240 -108.2464081 469.3086701)
(300 -108.2464081 469.3086701)
(360 -108.2464081 469.3086701)
(420 -108.2464081 469.3086701)
(480 -108.2464081 469.3086701)
(540 -108.2464081 469.3086701)
(600 -108.2464081 469.3086701)
(0 -48.47324798 469.3086701)
(60 -48.47324798 469.3086701)
(120 -48.47324798 469.3086701)
(180 -48.47324798 469.3086701)
(240 -48.47324798 469.3086701)
(300 -48.47324798 469.3086701)
(360 -48.47324798 469.3086701)
(420 -48.47324798 469.3086701)
(480 -48.47324798 469.3086701)
(540 -48.47324798 469.3086701)
(600 -48.47324798 469.3086701)
(0 13.52078654 469.3086701)
(60 13.52078654 469.3086701)
(120 13.52078654 469.3086701)
(180 13.52078654 469.3086701)
(240 13.52078654 469.3086701)
(300 13.52078654 469.3086701)
(360 13.52078654 469.3086701)
(420 13.52078654 469.3086701)
(480 13.52078654 469.3086701)
(540 13.52078654 469.3086701)
(600 13.52078654 469.3086701)
(0 77.81821216 469.3086701)
(60 77.81821216 469.3086701)
(120 77.81821216 469.3086701)
(180 77.81821216 469.3086701)
(240 77.81821216 469.3086701)
(300 77.81821216 469.3086701)
(360 77.81821216 469.3086701)
(420 77.81821216 469.3086701)
(480 77.81821216 469.3086701)
(540 77.81821216 469.3086701)
(600 77.81821216 469.3086701)
(0 144.5046115 469.3086701)
(60 144.5046115 469.3086701)
(120 144.5046115 469.3086701)
(180 144.5046115 469.3086701)
(240 144.5046115 469.3086701)
(300 144.5046115 469.3086701)
(360 144.5046115 469.3086701)
(420 144.5046115 469.3086701)
(480 144.5046115 469.3086701)
(540 144.5046115 469.3086701)
(600 144.5046115 469.3086701)
(0 213.668747 469.3086701)
(60 213.668747 469.3086701)
(120 213.668747 469.3086701)
(180 213.668747 469.3086701)
(240 213.668747 469.3086701)
(300 213.668747 469.3086701)
(360 213.668747 469.3086701)
(420 213.668747 469.3086701)
(480 213.668747 469.3086701)
(540 213.668747 469.3086701)
(600 213.668747 469.3086701)
(0 285.402679 469.3086701)
(60 285.402679 469.3086701)
(120 285.402679 469.3086701)
(180 285.402679 469.3086701)
(240 285.402679 469.3086701)
(300 285.402679 469.3086701)
(360 285.402679 469.3086701)
(420 285.402679 469.3086701)
(480 285.402679 469.3086701)
(540 285.402679 469.3086701)
(600 285.402679 469.3086701)
(0 359.8018884 469.3086701)
(60 359.8018884 469.3086701)
(120 359.8018884 469.3086701)
(180 359.8018884 469.3086701)
(240 359.8018884 469.3086701)
(300 359.8018884 469.3086701)
(360 359.8018884 469.3086701)
(420 359.8018884 469.3086701)
(480 359.8018884 469.3086701)
(540 359.8018884 469.3086701)
(600 359.8018884 469.3086701)
(0 436.9654037 469.3086701)
(60 436.9654037 469.3086701)
(120 436.9654037 469.3086701)
(180 436.9654037 469.3086701)
(240 436.9654037 469.3086701)
(300 436.9654037 469.3086701)
(360 436.9654037 469.3086701)
(420 436.9654037 469.3086701)
(480 436.9654037 469.3086701)
(540 436.9654037 469.3086701)
(600 436.9654037 469.3086701)
(0 516.9959329 469.3086701)
(60 516.9959329 469.3086701)
(120 516.9959329 469.3086701)
(180 516.9959329 469.3086701)
(240 516.9959329 469.3086701)
(300 516.9959329 469.3086701)
(360 516.9959329 469.3086701)
(420 516.9959329 469.3086701)
(480 516.9959329 469.3086701)
(540 516.9959329 469.3086701)
(600 516.9959329 469.3086701)
(0 600 469.3086701)
(60 600 469.3086701)
(120 600 469.3086701)
(180 600 469.3086701)
(240 600 469.3086701)
(300 600 469.3086701)
(360 600 469.3086701)
(420 600 469.3086701)
(480 600 469.3086701)
(540 600 469.3086701)
(600 600 469.3086701)
(0 -108.2464081 556.8682132)
(60 -108.2464081 556.8682132)
(120 -108.2464081 556.8682132)
(180 -108.2464081 556.8682132)
(240 -108.2464081 556.8682132)
(300 -108.2464081 556.8682132)
(360 -108.2464081 556.8682132)
(420 -108.2464081 556.8682132)
(480 -108.2464081 556.8682132)
(540 -108.2464081 556.8682132)
(600 -108.2464081 556.8682132)
(0 -48.47324798 556.8682132)
(60 -48.47324798 556.8682132)
(120 -48.47324798 556.8682132)
(180 -48.47324798 556.8682132)
(240 -48.47324798 556.8682132)
(300 -48.47324798 556.8682132)
(360 -48.47324798 556.8682132)
(420 -48.47324798 556.8682132)
(480 -48.47324798 556.8682132)
(540 -48.47324798 556.8682132)
(600 -48.47324798 556.8682132)
(0 13.52078654 556.8682132)
(60 13.52078654 556.8682132)
(120 13.52078654 556.8682132)
(180 13.52078654 556.8682132)
(240 13.52078654 556.8682132)
(300 13.52078654 556.8682132)
(360 13.52078654 556.8682132)
(420 13.52078654 556.8682132)
(480 13.52078654 556.8682132)
(540 13.52078654 556.8682132)
(600 13.52078654 556.8682132)
(0 77.81821216 556.8682132)
(60 77.81821216 556.8682132)
(120 77.81821216 556.8682132)
(180 77.81821216 556.8682132)
(240 77.81821216 556.8682132)
(300 77.81821216 556.8682132)
(360 77.81821216 556.8682132)
(420 77.81821216 556.8682132)
(480 77.81821216 556.8682132)
(540 77.81821216 556.8682132)
(600 77.81821216 556.8682132)
(0 144.5046115 556.8682132)
(60 144.5046115 556.8682132)
(120 144.5046115 556.8682132)
(180 144.5046115 556.8682132)
(240 144.5046115 556.8682132)
(300 144.5046115 556.8682132)
(360 144.5046115 556.8682132)
(420 144.5046115 556.8682132)
(480 144.5046115 556.8682132)
(540 144.5046115 556.8682132)
(600 144.5046115 556.8682132)
(0 213.668747 556.8682132)
(60 213.668747 556.8682132)
(120 213.668747 556.8682132)
(180 213.668747 556.8682132)
(240 213.668747 556.8682132)
(300 213.668747 556.8682132)
(360 213.668747 556.8682132)
(420 213.668747 556.8682132)
(480 213.668747 556.8682132)
(540 213.668747 556.8682132)
(600 213.668747 556.8682132)
(0 285.402679 556.8682132)
(60 285.402679 556.8682132)
(120 285.402679 556.8682132)
(180 285.402679 556.8682132)
(240 285.402679 556.8682132)
(300 285.402679 556.8682132)
(360 285.402679 556.8682132)
(420 285.402679 556.8682132)
(480 285.402679 556.8682132)
(540 285.402679 556.8682132)
(600 285.402679 556.8682132)
(0 359.8018884 556.8682132)
(60 359.8018884 556.8682132)
(120 359.8018884 556.8682132)
(180 359.8018884 556.8682132)
(240 359.8018884 556.8682132)
(300 359.8018884 556.8682132)
(360 359.8018884 556.8682132)
(420 359.8018884 556.8682132)
(480 359.8018884 556.8682132)
(540 359.8018884 556.8682132)
(600 359.8018884 556.8682132)
(0 436.9654037 556.8682132)
(60 436.9654037 556.8682132)
(120 436.9654037 556.8682132)
(180 436.9654037 556.8682132)
(240 436.9654037 556.8682132)
(300 436.9654037 556.8682132)
(360 436.9654037 556.8682132)
(420 436.9654037 556.8682132)
(480 436.9654037 556.8682132)
(540 436.9654037 556.8682132)
(600 436.9654037 556.8682132)
(0 516.9959329 556.8682132)
(60 516.9959329 556.8682132)
(120 516.9959329 556.8682132)
(180 516.9959329 556.8682132)
(240 516.9959329 556.8682132)
(300 516.9959329 556.8682132)
(360 516.9959329 556.8682132)
(420 516.9959329 556.8682132)
(480 516.9959329 556.8682132)
(540 516.9959329 556.8682132)
(600 516.9959329 556.8682132)
(0 600 556.8682132)
(60 600 556.8682132)
(120 600 556.8682132)
(180 600 556.8682132)
(240 600 556.8682132)
(300 600 556.8682132)
(360 600 556.8682132)
(420 600 556.8682132)
(480 600 556.8682132)
(540 600 556.8682132)
(600 600 556.8682132)
(0 -108.2464081 649.6398313)
(60 -108.2464081 649.6398313)
(120 -108.2464081 649.6398313)
(180 -108.2464081 649.6398313)
(240 -108.2464081 649.6398313)
(300 -108.2464081 649.6398313)
(360 -108.2464081 649.6398313)
(420 -108.2464081 649.6398313)
(480 -108.2464081 649.6398313)
(540 -108.2464081 649.6398313)
(600 -108.2464081 649.6398313)
(0 -48.47324798 649.6398313)
(60 -48.47324798 649.6398313)
(120 -48.47324798 649.6398313)
(180 -48.47324798 649.6398313)
(240 -48.47324798 649.6398313)
(300 -48.47324798 649.6398313)
(360 -48.47324798 649.6398313)
(420 -48.47324798 649.6398313)
(480 -48.47324798 649.6398313)
(540 -48.47324798 649.6398313)
(600 -48.47324798 649.6398313)
(0 13.52078654 649.6398313)
(60 13.52078654 649.6398313)
(120 13.52078654 649.6398313)
(180 13.52078654 649.6398313)
(240 13.52078654 649.6398313)
(300 13.52078654 649.6398313)
(360 13.52078654 649.6398313)
(420 13.52078654 649.6398313)
(480 13.52078654 649.6398313)
(540 13.52078654 649.6398313)
(600 13.52078654 649.6398313)
(0 77.81821216 649.6398313)
(60 77.81821216 649.6398313)
(120 77.81821216 649.6398313)
(180 77.81821216 649.6398313)
(240 77.81821216 649.6398313)
(300 77.81821216 649.6398313)
(360 77.81821216 649.6398313)
(420 77.81821216 649.6398313)
(480 77.81821216 649.6398313)
(540 77.81821216 649.6398313)
(600 77.81821216 649.6398313)
(0 144.5046115 649.6398313)
(60 144.5046115 649.6398313)
(120 144.5046115 649.6398313)
(180 144.5046115 649.6398313)
(240 144.5046115 649.6398313)
(300 144.5046115 649.6398313)
(360 144.5046115 649.6398313)
(420 144.5046115 649.6398313)
(480 144.5046115 649.6398313)
(540 144.5046115 649.6398313)
(600 144.5046115 649.6398313)
(0 213.668747 649.6398313)
(60 213.668747 649.6398313)
(120 213.668747 649.6398313)
(180 213.668747 649.6398313)
(240 213.668747 649.6398313)
(300 213.668747 649.6398313)
(360 213.668747 649.6398313)
(420 213.668747 649.6398313)
(480 213.668747 649.6398313)
(540 213.668747 649.6398313)
(600 213.668747 649.6398313)
(0 285.402679 649.6398313)
(60 285.402679 649.6398313)
(120 285.402679 649.6398313)
(180 285.402679 649.6398313)
(240 285.402679 649.6398313)
(300 285.402679 649.6398313)
(360 285.402679 649.6398313)
(420 285.402679 649.6398313)
(480 285.402679 649.6398313)
(540 285.402679 649.6398313)
(600 285.402679 649.6398313)
(0 359.8018884 649.6398313)
(60 359.8018884 649.6398313)
(120 359.8018884 649.6398313)
(180 359.8018884 649.6398313)
(240 359.8018884 649.6398313)
(300 359.8018884 649.6398313)
(360 359.8018884 649.6398313)
(420 359.8018884 649.6398313)
(480 359.8018884 649.6398313)
(540 359.8018884 649.6398313)
(600 359.8018884 649.6398313)
(0 436.9654037 649.6398313)
(60 436.9654037 649.6398313)
(120 436.9654037 649.6398313)
(180 436.9654037 649.6398313)
(240 436.9654037 649.6398313)
(300 436.9654037 649.6398313)
(360 436.9654037 649.6398313)
(420 436.9654037 649.6398313)
(480 436.9654037 649.6398313)
(540 436.9654037 649.6398313)
(600 436.9654037 649.6398313)
(0 516.9959329 649.6398313)
(60 516.9959329 649.6398313)
(120 516.9959329 649.6398313)
(180 516.9959329 649.6398313)
(240 516.9959329 649.6398313)
(300 516.9959329 649.6398313)
(360 516.9959329 649.6398313)
(420 516.9959329 649.6398313)
(480 516.9959329 649.6398313)
(540 516.9959329 649.6398313)
(600 516.9959329 649.6398313)
(0 600 649.6398313)
(60 600 649.6398313)
(120 600 649.6398313)
(180 600 649.6398313)
(240 600 649.6398313)
(300 600 649.6398313)
(360 600 649.6398313)
(420 600 649.6398313)
(480 600 649.6398313)
(540 600 649.6398313)
(600 600 649.6398313)
(0 -108.2464081 747.9337788)
(60 -108.2464081 747.9337788)
(120 -108.2464081 747.9337788)
(180 -108.2464081 747.9337788)
(240 -108.2464081 747.9337788)
(300 -108.2464081 747.9337788)
(360 -108.2464081 747.9337788)
(420 -108.2464081 747.9337788)
(480 -108.2464081 747.9337788)
(540 -108.2464081 747.9337788)
(600 -108.2464081 747.9337788)
(0 -48.47324798 747.9337788)
(60 -48.47324798 747.9337788)
(120 -48.47324798 747.9337788)
(180 -48.47324798 747.9337788)
(240 -48.47324798 747.9337788)
(300 -48.47324798 747.9337788)
(360 -48.47324798 747.9337788)
(420 -48.47324798 747.9337788)
(480 -48.47324798 747.9337788)
(540 -48.47324798 747.9337788)
(600 -48.47324798 747.9337788)
(0 13.52078654 747.9337788)
(60 13.52078654 747.9337788)
(120 13.52078654 747.9337788)
(180 13.52078654 747.9337788)
(240 13.52078654 747.9337788)
(300 13.52078654 747.9337788)
(360 13.52078654 747.9337788)
(420 13.52078654 747.9337788)
(480 13.52078654 747.9337788)
(540 13.52078654 747.9337788)
(600 13.52078654 747.9337788)
(0 77.81821216 747.9337788)
(60 77.81821216 747.9337788)
(120 77.81821216 747.9337788)
(180 77.81821216 747.9337788)
(240 77.81821216 747.9337788)
(300 77.81821216 747.9337788)
(360 77.81821216 747.9337788)
(420 77.81821216 747.9337788)
(480 77.81821216 747.9337788)
(540 77.81821216 747.9337788)
(600 77.81821216 747.9337788)
(0 144.5046115 747.9337788)
(60 144.5046115 747.9337788)
(120 144.5046115 747.9337788)
(180 144.5046115 747.9337788)
(240 144.5046115 747.9337788)
(300 144.5046115 747.9337788)
(360 144.5046115 747.9337788)
(420 144.5046115 747.9337788)
(480 144.5046115 747.9337788)
(540 144.5046115 747.9337788)
(600 144.5046115 747.9337788)
(0 213.668747 747.9337788)
(60 213.668747 747.9337788)
(120 213.668747 747.9337788)
(180 213.668747 747.9337788)
(240 213.668747 747.9337788)
(300 213.668747 747.9337788)
(360 213.668747 747.9337788)
(420 213.668747 747.9337788)
(480 213.668747 747.9337788)
(540 213.668747 747.9337788)
(600 213.668747 747.9337788)
(0 285.402679 747.9337788)
(60 285.402679 747.9337788)
(120 285.402679 747.9337788)
(180 285.402679 747.9337788)
(240 285.402679 747.9337788)
(300 285.402679 747.9337788)
(360 285.402679 747.9337788)
(420 285.402679 747.9337788)
(480 285.402679 747.9337788)
(540 285.402679 747.9337788)
(600 285.402679 747.9337788)
(0 359.8018884 747.9337788)
(60 359.8018884 747.9337788)
(120 359.8018884 747.9337788)
(180 359.8018884 747.9337788)
(240 359.8018884 747.9337788)
(300 359.8018884 747.9337788)
(360 359.8018884 747.9337788)
(420 359.8018884 747.9337788)
(480 359.8018884 747.9337788)
(540 359.8018884 747.9337788)
(600 359.8018884 747.9337788)
(0 436.9654037 747.9337788)
(60 436.9654037 747.9337788)
(120 436.9654037 747.9337788)
(180 436.9654037 747.9337788)
(240 436.9654037 747.9337788)
(300 436.9654037 747.9337788)
(360 436.9654037 747.9337788)
(420 436.9654037 747.9337788)
(480 436.9654037 747.9337788)
(540 436.9654037 747.9337788)
(600 436.9654037 747.9337788)
(0 516.9959329 747.9337788)
(60 516.9959329 747.9337788)
(120 516.9959329 747.9337788)
(180 516.9959329 747.9337788)
(240 516.9959329 747.9337788)
(300 516.9959329 747.9337788)
(360 516.9959329 747.9337788)
(420 516.9959329 747.9337788)
(480 516.9959329 747.9337788)
(540 516.9959329 747.9337788)
(600 516.9959329 747.9337788)
(0 600 747.9337788)
(60 600 747.9337788)
(120 600 747.9337788)
(180 600 747.9337788)
(240 600 747.9337788)
(300 600 747.9337788)
(360 600 747.9337788)
(420 600 747.9337788)
(480 600 747.9337788)
(540 600 747.9337788)
(600 600 747.9337788)
(0 -108.2464081 852.0787781)
(60 -108.2464081 852.0787781)
(120 -108.2464081 852.0787781)
(180 -108.2464081 852.0787781)
(240 -108.2464081 852.0787781)
(300 -108.2464081 852.0787781)
(360 -108.2464081 852.0787781)
(420 -108.2464081 852.0787781)
(480 -108.2464081 852.0787781)
(540 -108.2464081 852.0787781)
(600 -108.2464081 852.0787781)
(0 -48.47324798 852.0787781)
(60 -48.47324798 852.0787781)
(120 -48.47324798 852.0787781)
(180 -48.47324798 852.0787781)
(240 -48.47324798 852.0787781)
(300 -48.47324798 852.0787781)
(360 -48.47324798 852.0787781)
(420 -48.47324798 852.0787781)
(480 -48.47324798 852.0787781)
(540 -48.47324798 852.0787781)
(600 -48.47324798 852.0787781)
(0 13.52078654 852.0787781)
(60 13.52078654 852.0787781)
(120 13.52078654 852.0787781)
(180 13.52078654 852.0787781)
(240 13.52078654 852.0787781)
(300 13.52078654 852.0787781)
(360 13.52078654 852.0787781)
(420 13.52078654 852.0787781)
(480 13.52078654 852.0787781)
(540 13.52078654 852.0787781)
(600 13.52078654 852.0787781)
(0 77.81821216 852.0787781)
(60 77.81821216 852.0787781)
(120 77.81821216 852.0787781)
(180 77.81821216 852.0787781)
(240 77.81821216 852.0787781)
(300 77.81821216 852.0787781)
(360 77.81821216 852.0787781)
(420 77.81821216 852.0787781)
(480 77.81821216 852.0787781)
(540 77.81821216 852.0787781)
(600 77.81821216 852.0787781)
(0 144.5046115 852.0787781)
(60 144.5046115 852.0787781)
(120 144.5046115 852.0787781)
(180 144.5046115 852.0787781)
(240 144.5046115 852.0787781)
(300 144.5046115 852.0787781)
(360 144.5046115 852.0787781)
(420 144.5046115 852.0787781)
(480 144.5046115 852.0787781)
(540 144.5046115 852.0787781)
(600 144.5046115 852.0787781)
(0 213.668747 852.0787781)
(60 213.668747 852.0787781)
(120 213.668747 852.0787781)
(180 213.668747 852.0787781)
(240 213.668747 852.0787781)
(300 213.668747 852.0787781)
(360 213.668747 852.0787781)
(420 213.668747 852.0787781)
(480 213.668747 852.0787781)
(540 213.668747 852.0787781)
(600 213.668747 852.0787781)
(0 285.402679 852.0787781)
(60 285.402679 852.0787781)
(120 285.402679 852.0787781)
(180 285.402679 852.0787781)
(240 285.402679 852.0787781)
(300 285.402679 852.0787781)
(360 285.402679 852.0787781)
(420 285.402679 852.0787781)
(480 285.402679 852.0787781)
(540 285.402679 852.0787781)
(600 285.402679 852.0787781)
(0 359.8018884 852.0787781)
(60 359.8018884 852.0787781)
(120 359.8018884 852.0787781)
(180 359.8018884 852.0787781)
(240 359.8018884 852.0787781)
(300 359.8018884 852.0787781)
(360 359.8018884 852.0787781)
(420 359.8018884 852.0787781)
(480 359.8018884 852.0787781)
(540 359.8018884 852.0787781)
(600 359.8018884 852.0787781)
(0 436.9654037 852.0787781)
(60 436.9654037 852.0787781)
(120 436.9654037 852.0787781)
(180 436.9654037 852.0787781)
(240 436.9654037 852.0787781)
(300 436.9654037 852.0787781)
(360 436.9654037 852.0787781)
(420 436.9654037 852.0787781)
(480 436.9654037 852.0787781)
(540 436.9654037 852.0787781)
(600 436.9654037 852.0787781)
(0 516.9959329 852.0787781)
(60 516.9959329 852.0787781)
(120 516.9959329 852.0787781)
(180 516.9959329 852.0787781)
(240 516.9959329 852.0787781)
(300 516.9959329 852.0787781)
(360 516.9959329 852.0787781)
(420 516.9959329 852.0787781)
(480 516.9959329 852.0787781)
(540 516.9959329 852.0787781)
(600 516.9959329 852.0787781)
(0 600 852.0787781)
(60 600 852.0787781)
(120 600 852.0787781)
(180 600 852.0787781)
(240 600 852.0787781)
(300 600 852.0787781)
(360 600 852.0787781)
(420 600 852.0787781)
(480 600 852.0787781)
(540 600 852.0787781)
(600 600 852.0787781)
(0 -108.2464081 962.4231194)
(60 -108.2464081 962.4231194)
(120 -108.2464081 962.4231194)
(180 -108.2464081 962.4231194)
(240 -108.2464081 962.4231194)
(300 -108.2464081 962.4231194)
(360 -108.2464081 962.4231194)
(420 -108.2464081 962.4231194)
(480 -108.2464081 962.4231194)
(540 -108.2464081 962.4231194)
(600 -108.2464081 962.4231194)
(0 -48.47324798 962.4231194)
(60 -48.47324798 962.4231194)
(120 -48.47324798 962.4231194)
(180 -48.47324798 962.4231194)
(240 -48.47324798 962.4231194)
(300 -48.47324798 962.4231194)
(360 -48.47324798 962.4231194)
(420 -48.47324798 962.4231194)
(480 -48.47324798 962.4231194)
(540 -48.47324798 962.4231194)
(600 -48.47324798 962.4231194)
(0 13.52078654 962.4231194)
(60 13.52078654 962.4231194)
(120 13.52078654 962.4231194)
(180 13.52078654 962.4231194)
(240 13.52078654 962.4231194)
(300 13.52078654 962.4231194)
(360 13.52078654 962.4231194)
(420 13.52078654 962.4231194)
(480 13.52078654 962.4231194)
(540 13.52078654 962.4231194)
(600 13.52078654 962.4231194)
(0 77.81821216 962.4231194)
(60 77.81821216 962.4231194)
(120 77.81821216 962.4231194)
(180 77.81821216 962.4231194)
(240 77.81821216 962.4231194)
(300 77.81821216 962.4231194)
(360 77.81821216 962.4231194)
(420 77.81821216 962.4231194)
(480 77.81821216 962.4231194)
(540 77.81821216 962.4231194)
(600 77.81821216 962.4231194)
(0 144.5046115 962.4231194)
(60 144.5046115 962.4231194)
(120 144.5046115 962.4231194)
(180 144.5046115 962.4231194)
(240 144.5046115 962.4231194)
(300 144.5046115 962.4231194)
(360 144.5046115 962.4231194)
(420 144.5046115 962.4231194)
(480 144.5046115 962.4231194)
(540 144.5046115 962.4231194)
(600 144.5046115 962.4231194)
(0 213.668747 962.4231194)
(60 213.668747 962.4231194)
(120 213.668747 962.4231194)
(180 213.668747 962.4231194)
(240 213.668747 962.4231194)
(300 213.668747 962.4231194)
(360 213.668747 962.4231194)
(420 213.668747 962.4231194)
(480 213.668747 962.4231194)
(540 213.668747 962.4231194)
(600 213.668747 962.4231194)
(0 285.402679 962.4231194)
(60 285.402679 962.4231194)
(120 285.402679 962.4231194)
(180 285.402679 962.4231194)
(240 285.402679 962.4231194)
(300 285.402679 962.4231194)
(360 285.402679 962.4231194)
(420 285.402679 962.4231194)
(480 285.402679 962.4231194)
(540 285.402679 962.4231194)
(600 285.402679 962.4231194)
(0 359.8018884 962.4231194)
(60 359.8018884 962.4231194)
(120 359.8018884 962.4231194)
(180 359.8018884 962.4231194)
(240 359.8018884 962.4231194)
(300 359.8018884 962.4231194)
(360 359.8018884 962.4231194)
(420 359.8018884 962.4231194)
(480 359.8018884 962.4231194)
(540 359.8018884 962.4231194)
(600 359.8018884 962.4231194)
(0 436.9654037 962.4231194)
(60 436.9654037 962.4231194)
(120 436.9654037 962.4231194)
(180 436.9654037 962.4231194)
(240 436.9654037 962.4231194)
(300 436.9654037 962.4231194)
(360 436.9654037 962.4231194)
(420 436.9654037 962.4231194)
(480 436.9654037 962.4231194)
(540 436.9654037 962.4231194)
(600 436.9654037 962.4231194)
(0 516.9959329 962.4231194)
(60 516.9959329 962.4231194)
(120 516.9959329 962.4231194)
(180 516.9959329 962.4231194)
(240 516.9959329 962.4231194)
(300 516.9959329 962.4231194)
(360 516.9959329 962.4231194)
(420 516.9959329 962.4231194)
(480 516.9959329 962.4231194)
(540 516.9959329 962.4231194)
(600 516.9959329 962.4231194)
(0 600 962.4231194)
(60 600 962.4231194)
(120 600 962.4231194)
(180 600 962.4231194)
(240 600 962.4231194)
(300 600 962.4231194)
(360 600 962.4231194)
(420 600 962.4231194)
(480 600 962.4231194)
(540 600 962.4231194)
(600 600 962.4231194)
(0 -108.2464081 1079.335825)
(60 -108.2464081 1079.335825)
(120 -108.2464081 1079.335825)
(180 -108.2464081 1079.335825)
(240 -108.2464081 1079.335825)
(300 -108.2464081 1079.335825)
(360 -108.2464081 1079.335825)
(420 -108.2464081 1079.335825)
(480 -108.2464081 1079.335825)
(540 -108.2464081 1079.335825)
(600 -108.2464081 1079.335825)
(0 -48.47324798 1079.335825)
(60 -48.47324798 1079.335825)
(120 -48.47324798 1079.335825)
(180 -48.47324798 1079.335825)
(240 -48.47324798 1079.335825)
(300 -48.47324798 1079.335825)
(360 -48.47324798 1079.335825)
(420 -48.47324798 1079.335825)
(480 -48.47324798 1079.335825)
(540 -48.47324798 1079.335825)
(600 -48.47324798 1079.335825)
(0 13.52078654 1079.335825)
(60 13.52078654 1079.335825)
(120 13.52078654 1079.335825)
(180 13.52078654 1079.335825)
(240 13.52078654 1079.335825)
(300 13.52078654 1079.335825)
(360 13.52078654 1079.335825)
(420 13.52078654 1079.335825)
(480 13.52078654 1079.335825)
(540 13.52078654 1079.335825)
(600 13.52078654 1079.335825)
(0 77.81821216 1079.335825)
(60 77.81821216 1079.335825)
(120 77.81821216 1079.335825)
(180 77.81821216 1079.335825)
(240 77.81821216 1079.335825)
(300 77.81821216 1079.335825)
(360 77.81821216 1079.335825)
(420 77.81821216 1079.335825)
(480 77.81821216 1079.335825)
(540 77.81821216 1079.335825)
(600 77.81821216 1079.335825)
(0 144.5046115 1079.335825)
(60 144.5046115 1079.335825)
(120 144.5046115 1079.335825)
(180 144.5046115 1079.335825)
(240 144.5046115 1079.335825)
(300 144.5046115 1079.335825)
(360 144.5046115 1079.335825)
(420 144.5046115 1079.335825)
(480 144.5046115 1079.335825)
(540 144.5046115 1079.335825)
(600 144.5046115 1079.335825)
(0 213.668747 1079.335825)
(60 213.668747 1079.335825)
(120 213.668747 1079.335825)
(180 213.668747 1079.335825)
(240 213.668747 1079.335825)
(300 213.668747 1079.335825)
(360 213.668747 1079.335825)
(420 213.668747 1079.335825)
(480 213.668747 1079.335825)
(540 213.668747 1079.335825)
(600 213.668747 1079.335825)
(0 285.402679 1079.335825)
(60 285.402679 1079.335825)
(120 285.402679 1079.335825)
(180 285.402679 1079.335825)
(240 285.402679 1079.335825)
(300 285.402679 1079.335825)
(360 285.402679 1079.335825)
(420 285.402679 1079.335825)
(480 285.402679 1079.335825)
(540 285.402679 1079.335825)
(600 285.402679 1079.335825)
(0 359.8018884 1079.335825)
(60 359.8018884 1079.335825)
(120 359.8018884 1079.335825)
(180 359.8018884 1079.335825)
(240 359.8018884 1079.335825)
(300 359.8018884 1079.335825)
(360 359.8018884 1079.335825)
(420 359.8018884 1079.335825)
(480 359.8018884 1079.335825)
(540 359.8018884 1079.335825)
(600 359.8018884 1079.335825)
(0 436.9654037 1079.335825)
(60 436.9654037 1079.335825)
(120 436.9654037 1079.335825)
(180 436.9654037 1079.335825)
(240 436.9654037 1079.335825)
(300 436.9654037 1079.335825)
(360 436.9654037 1079.335825)
(420 436.9654037 1079.335825)
(480 436.9654037 1079.335825)
(540 436.9654037 1079.335825)
(600 436.9654037 1079.335825)
(0 516.9959329 1079.335825)
(60 516.9959329 1079.335825)
(120 516.9959329 1079.335825)
(180 516.9959329 1079.335825)
(240 516.9959329 1079.335825)
(300 516.9959329 1079.335825)
(360 516.9959329 1079.335825)
(420 516.9959329 1079.335825)
(480 516.9959329 1079.335825)
(540 516.9959329 1079.335825)
(600 516.9959329 1079.335825)
(0 600 1079.335825)
(60 600 1079.335825)
(120 600 1079.335825)
(180 600 1079.335825)
(240 600 1079.335825)
(300 600 1079.335825)
(360 600 1079.335825)
(420 600 1079.335825)
(480 600 1079.335825)
(540 600 1079.335825)
(600 600 1079.335825)
(0 -108.2464081 1203.207884)
(60 -108.2464081 1203.207884)
(120 -108.2464081 1203.207884)
(180 -108.2464081 1203.207884)
(240 -108.2464081 1203.207884)
(300 -108.2464081 1203.207884)
(360 -108.2464081 1203.207884)
(420 -108.2464081 1203.207884)
(480 -108.2464081 1203.207884)
(540 -108.2464081 1203.207884)
(600 -108.2464081 1203.207884)
(0 -48.47324798 1203.207884)
(60 -48.47324798 1203.207884)
(120 -48.47324798 1203.207884)
(180 -48.47324798 1203.207884)
(240 -48.47324798 1203.207884)
(300 -48.47324798 1203.207884)
(360 -48.47324798 1203.207884)
(420 -48.47324798 1203.207884)
(480 -48.47324798 1203.207884)
(540 -48.47324798 1203.207884)
(600 -48.47324798 1203.207884)
(0 13.52078654 1203.207884)
(60 13.52078654 1203.207884)
(120 13.52078654 1203.207884)
(180 13.52078654 1203.207884)
(240 13.52078654 1203.207884)
(300 13.52078654 1203.207884)
(360 13.52078654 1203.207884)
(420 13.52078654 1203.207884)
(480 13.52078654 1203.207884)
(540 13.52078654 1203.207884)
(600 13.52078654 1203.207884)
(0 77.81821216 1203.207884)
(60 77.81821216 1203.207884)
(120 77.81821216 1203.207884)
(180 77.81821216 1203.207884)
(240 77.81821216 1203.207884)
(300 77.81821216 1203.207884)
(360 77.81821216 1203.207884)
(420 77.81821216 1203.207884)
(480 77.81821216 1203.207884)
(540 77.81821216 1203.207884)
(600 77.81821216 1203.207884)
(0 144.5046115 1203.207884)
(60 144.5046115 1203.207884)
(120 144.5046115 1203.207884)
(180 144.5046115 1203.207884)
(240 144.5046115 1203.207884)
(300 144.5046115 1203.207884)
(360 144.5046115 1203.207884)
(420 144.5046115 1203.207884)
(480 144.5046115 1203.207884)
(540 144.5046115 1203.207884)
(600 144.5046115 1203.207884)
(0 213.668747 1203.207884)
(60 213.668747 1203.207884)
(120 213.668747 1203.207884)
(180 213.668747 1203.207884)
(240 213.668747 1203.207884)
(300 213.668747 1203.207884)
(360 213.668747 1203.207884)
(420 213.668747 1203.207884)
(480 213.668747 1203.207884)
(540 213.668747 1203.207884)
(600 213.668747 1203.207884)
(0 285.402679 1203.207884)
(60 285.402679 1203.207884)
(120 285.402679 1203.207884)
(180 285.402679 1203.207884)
(240 285.402679 1203.207884)
(300 285.402679 1203.207884)
(360 285.402679 1203.207884)
(420 285.402679 1203.207884)
(480 285.402679 1203.207884)
(540 285.402679 1203.207884)
(600 285.402679 1203.207884)
(0 359.8018884 1203.207884)
(60 359.8018884 1203.207884)
(120 359.8018884 1203.207884)
(180 359.8018884 1203.207884)
(240 359.8018884 1203.207884)
(300 359.8018884 1203.207884)
(360 359.8018884 1203.207884)
(420 359.8018884 1203.207884)
(480 359.8018884 1203.207884)
(540 359.8018884 1203.207884)
(600 359.8018884 1203.207884)
(0 436.9654037 1203.207884)
(60 436.9654037 1203.207884)
(120 436.9654037 1203.207884)
(180 436.9654037 1203.207884)
(240 436.9654037 1203.207884)
(300 436.9654037 1203.207884)
(360 436.9654037 1203.207884)
(420 436.9654037 1203.207884)
(480 436.9654037 1203.207884)
(540 436.9654037 1203.207884)
(600 436.9654037 1203.207884)
(0 516.9959329 1203.207884)
(60 516.9959329 1203.207884)
(120 516.9959329 1203.207884)
(180 516.9959329 1203.207884)
(240 516.9959329 1203.207884)
(300 516.9959329 1203.207884)
(360 516.9959329 1203.207884)
(420 516.9959329 1203.207884)
(480 516.9959329 1203.207884)
(540 516.9959329 1203.207884)
(600 516.9959329 1203.207884)
(0 600 1203.207884)
(60 600 1203.207884)
(120 600 1203.207884)
(180 600 1203.207884)
(240 600 1203.207884)
(300 600 1203.207884)
(360 600 1203.207884)
(420 600 1203.207884)
(480 600 1203.207884)
(540 600 1203.207884)
(600 600 1203.207884)
(0 -108.2464081 1334.453559)
(60 -108.2464081 1334.453559)
(120 -108.2464081 1334.453559)
(180 -108.2464081 1334.453559)
(240 -108.2464081 1334.453559)
(300 -108.2464081 1334.453559)
(360 -108.2464081 1334.453559)
(420 -108.2464081 1334.453559)
(480 -108.2464081 1334.453559)
(540 -108.2464081 1334.453559)
(600 -108.2464081 1334.453559)
(0 -48.47324798 1334.453559)
(60 -48.47324798 1334.453559)
(120 -48.47324798 1334.453559)
(180 -48.47324798 1334.453559)
(240 -48.47324798 1334.453559)
(300 -48.47324798 1334.453559)
(360 -48.47324798 1334.453559)
(420 -48.47324798 1334.453559)
(480 -48.47324798 1334.453559)
(540 -48.47324798 1334.453559)
(600 -48.47324798 1334.453559)
(0 13.52078654 1334.453559)
(60 13.52078654 1334.453559)
(120 13.52078654 1334.453559)
(180 13.52078654 1334.453559)
(240 13.52078654 1334.453559)
(300 13.52078654 1334.453559)
(360 13.52078654 1334.453559)
(420 13.52078654 1334.453559)
(480 13.52078654 1334.453559)
(540 13.52078654 1334.453559)
(600 13.52078654 1334.453559)
(0 77.81821216 1334.453559)
(60 77.81821216 1334.453559)
(120 77.81821216 1334.453559)
(180 77.81821216 1334.453559)
(240 77.81821216 1334.453559)
(300 77.81821216 1334.453559)
(360 77.81821216 1334.453559)
(420 77.81821216 1334.453559)
(480 77.81821216 1334.453559)
(540 77.81821216 1334.453559)
(600 77.81821216 1334.453559)
(0 144.5046115 1334.453559)
(60 144.5046115 1334.453559)
(120 144.5046115 1334.453559)
(180 144.5046115 1334.453559)
(240 144.5046115 1334.453559)
(300 144.5046115 1334.453559)
(360 144.5046115 1334.453559)
(420 144.5046115 1334.453559)
(480 144.5046115 1334.453559)
(540 144.5046115 1334.453559)
(600 144.5046115 1334.453559)
(0 213.668747 1334.453559)
(60 213.668747 1334.453559)
(120 213.668747 1334.453559)
(180 213.668747 1334.453559)
(240 213.668747 1334.453559)
(300 213.668747 1334.453559)
(360 213.668747 1334.453559)
(420 213.668747 1334.453559)
(480 213.668747 1334.453559)
(540 213.668747 1334.453559)
(600 213.668747 1334.453559)
(0 285.402679 1334.453559)
(60 285.402679 1334.453559)
(120 285.402679 1334.453559)
(180 285.402679 1334.453559)
(240 285.402679 1334.453559)
(300 285.402679 1334.453559)
(360 285.402679 1334.453559)
(420 285.402679 1334.453559)
(480 285.402679 1334.453559)
(540 285.402679 1334.453559)
(600 285.402679 1334.453559)
(0 359.8018884 1334.453559)
(60 359.8018884 1334.453559)
(120 359.8018884 1334.453559)
(180 359.8018884 1334.453559)
(240 359.8018884 1334.453559)
(300 359.8018884 1334.453559)
(360 359.8018884 1334.453559)
(420 359.8018884 1334.453559)
(480 359.8018884 1334.453559)
(540 359.8018884 1334.453559)
(600 359.8018884 1334.453559)
(0 436.9654037 1334.453559)
(60 436.9654037 1334.453559)
(120 436.9654037 1334.453559)
(180 436.9654037 1334.453559)
(240 436.9654037 1334.453559)
(300 436.9654037 1334.453559)
(360 436.9654037 1334.453559)
(420 436.9654037 1334.453559)
(480 436.9654037 1334.453559)
(540 436.9654037 1334.453559)
(600 436.9654037 1334.453559)
(0 516.9959329 1334.453559)
(60 516.9959329 1334.453559)
(120 516.9959329 1334.453559)
(180 516.9959329 1334.453559)
(240 516.9959329 1334.453559)
(300 516.9959329 1334.453559)
(360 516.9959329 1334.453559)
(420 516.9959329 1334.453559)
(480 516.9959329 1334.453559)
(540 516.9959329 1334.453559)
(600 516.9959329 1334.453559)
(0 600 1334.453559)
(60 600 1334.453559)
(120 600 1334.453559)
(180 600 1334.453559)
(240 600 1334.453559)
(300 600 1334.453559)
(360 600 1334.453559)
(420 600 1334.453559)
(480 600 1334.453559)
(540 600 1334.453559)
(600 600 1334.453559)
(0 -108.2464081 1473.511773)
(60 -108.2464081 1473.511773)
(120 -108.2464081 1473.511773)
(180 -108.2464081 1473.511773)
(240 -108.2464081 1473.511773)
(300 -108.2464081 1473.511773)
(360 -108.2464081 1473.511773)
(420 -108.2464081 1473.511773)
(480 -108.2464081 1473.511773)
(540 -108.2464081 1473.511773)
(600 -108.2464081 1473.511773)
(0 -48.47324798 1473.511773)
(60 -48.47324798 1473.511773)
(120 -48.47324798 1473.511773)
(180 -48.47324798 1473.511773)
(240 -48.47324798 1473.511773)
(300 -48.47324798 1473.511773)
(360 -48.47324798 1473.511773)
(420 -48.47324798 1473.511773)
(480 -48.47324798 1473.511773)
(540 -48.47324798 1473.511773)
(600 -48.47324798 1473.511773)
(0 13.52078654 1473.511773)
(60 13.52078654 1473.511773)
(120 13.52078654 1473.511773)
(180 13.52078654 1473.511773)
(240 13.52078654 1473.511773)
(300 13.52078654 1473.511773)
(360 13.52078654 1473.511773)
(420 13.52078654 1473.511773)
(480 13.52078654 1473.511773)
(540 13.52078654 1473.511773)
(600 13.52078654 1473.511773)
(0 77.81821216 1473.511773)
(60 77.81821216 1473.511773)
(120 77.81821216 1473.511773)
(180 77.81821216 1473.511773)
(240 77.81821216 1473.511773)
(300 77.81821216 1473.511773)
(360 77.81821216 1473.511773)
(420 77.81821216 1473.511773)
(480 77.81821216 1473.511773)
(540 77.81821216 1473.511773)
(600 77.81821216 1473.511773)
(0 144.5046115 1473.511773)
(60 144.5046115 1473.511773)
(120 144.5046115 1473.511773)
(180 144.5046115 1473.511773)
(240 144.5046115 1473.511773)
(300 144.5046115 1473.511773)
(360 144.5046115 1473.511773)
(420 144.5046115 1473.511773)
(480 144.5046115 1473.511773)
(540 144.5046115 1473.511773)
(600 144.5046115 1473.511773)
(0 213.668747 1473.511773)
(60 213.668747 1473.511773)
(120 213.668747 1473.511773)
(180 213.668747 1473.511773)
(240 213.668747 1473.511773)
(300 213.668747 1473.511773)
(360 213.668747 1473.511773)
(420 213.668747 1473.511773)
(480 213.668747 1473.511773)
(540 213.668747 1473.511773)
(600 213.668747 1473.511773)
(0 285.402679 1473.511773)
(60 285.402679 1473.511773)
(120 285.402679 1473.511773)
(180 285.402679 1473.511773)
(240 285.402679 1473.511773)
(300 285.402679 1473.511773)
(360 285.402679 1473.511773)
(420 285.402679 1473.511773)
(480 285.402679 1473.511773)
(540 285.402679 1473.511773)
(600 285.402679 1473.511773)
(0 359.8018884 1473.511773)
(60 359.8018884 1473.511773)
(120 359.8018884 1473.511773)
(180 359.8018884 1473.511773)
(240 359.8018884 1473.511773)
(300 359.8018884 1473.511773)
(360 359.8018884 1473.511773)
(420 359.8018884 1473.511773)
(480 359.8018884 1473.511773)
(540 359.8018884 1473.511773)
(600 359.8018884 1473.511773)
(0 436.9654037 1473.511773)
(60 436.9654037 1473.511773)
(120 436.9654037 1473.511773)
(180 436.9654037 1473.511773)
(240 436.9654037 1473.511773)
(300 436.9654037 1473.511773)
(360 436.9654037 1473.511773)
(420 436.9654037 1473.511773)
(480 436.9654037 1473.511773)
(540 436.9654037 1473.511773)
(600 436.9654037 1473.511773)
(0 516.9959329 1473.511773)
(60 516.9959329 1473.511773)
(120 516.9959329 1473.511773)
(180 516.9959329 1473.511773)
(240 516.9959329 1473.511773)
(300 516.9959329 1473.511773)
(360 516.9959329 1473.511773)
(420 516.9959329 1473.511773)
(480 516.9959329 1473.511773)
(540 516.9959329 1473.511773)
(600 516.9959329 1473.511773)
(0 600 1473.511773)
(60 600 1473.511773)
(120 600 1473.511773)
(180 600 1473.511773)
(240 600 1473.511773)
(300 600 1473.511773)
(360 600 1473.511773)
(420 600 1473.511773)
(480 600 1473.511773)
(540 600 1473.511773)
(600 600 1473.511773)
(0 -108.2464081 1620.847575)
(60 -108.2464081 1620.847575)
(120 -108.2464081 1620.847575)
(180 -108.2464081 1620.847575)
(240 -108.2464081 1620.847575)
(300 -108.2464081 1620.847575)
(360 -108.2464081 1620.847575)
(420 -108.2464081 1620.847575)
(480 -108.2464081 1620.847575)
(540 -108.2464081 1620.847575)
(600 -108.2464081 1620.847575)
(0 -48.47324798 1620.847575)
(60 -48.47324798 1620.847575)
(120 -48.47324798 1620.847575)
(180 -48.47324798 1620.847575)
(240 -48.47324798 1620.847575)
(300 -48.47324798 1620.847575)
(360 -48.47324798 1620.847575)
(420 -48.47324798 1620.847575)
(480 -48.47324798 1620.847575)
(540 -48.47324798 1620.847575)
(600 -48.47324798 1620.847575)
(0 13.52078654 1620.847575)
(60 13.52078654 1620.847575)
(120 13.52078654 1620.847575)
(180 13.52078654 1620.847575)
(240 13.52078654 1620.847575)
(300 13.52078654 1620.847575)
(360 13.52078654 1620.847575)
(420 13.52078654 1620.847575)
(480 13.52078654 1620.847575)
(540 13.52078654 1620.847575)
(600 13.52078654 1620.847575)
(0 77.81821216 1620.847575)
(60 77.81821216 1620.847575)
(120 77.81821216 1620.847575)
(180 77.81821216 1620.847575)
(240 77.81821216 1620.847575)
(300 77.81821216 1620.847575)
(360 77.81821216 1620.847575)
(420 77.81821216 1620.847575)
(480 77.81821216 1620.847575)
(540 77.81821216 1620.847575)
(600 77.81821216 1620.847575)
(0 144.5046115 1620.847575)
(60 144.5046115 1620.847575)
(120 144.5046115 1620.847575)
(180 144.5046115 1620.847575)
(240 144.5046115 1620.847575)
(300 144.5046115 1620.847575)
(360 144.5046115 1620.847575)
(420 144.5046115 1620.847575)
(480 144.5046115 1620.847575)
(540 144.5046115 1620.847575)
(600 144.5046115 1620.847575)
(0 213.668747 1620.847575)
(60 213.668747 1620.847575)
(120 213.668747 1620.847575)
(180 213.668747 1620.847575)
(240 213.668747 1620.847575)
(300 213.668747 1620.847575)
(360 213.668747 1620.847575)
(420 213.668747 1620.847575)
(480 213.668747 1620.847575)
(540 213.668747 1620.847575)
(600 213.668747 1620.847575)
(0 285.402679 1620.847575)
(60 285.402679 1620.847575)
(120 285.402679 1620.847575)
(180 285.402679 1620.847575)
(240 285.402679 1620.847575)
(300 285.402679 1620.847575)
(360 285.402679 1620.847575)
(420 285.402679 1620.847575)
(480 285.402679 1620.847575)
(540 285.402679 1620.847575)
(600 285.402679 1620.847575)
(0 359.8018884 1620.847575)
(60 359.8018884 1620.847575)
(120 359.8018884 1620.847575)
(180 359.8018884 1620.847575)
(240 359.8018884 1620.847575)
(300 359.8018884 1620.847575)
(360 359.8018884 1620.847575)
(420 359.8018884 1620.847575)
(480 359.8018884 1620.847575)
(540 359.8018884 1620.847575)
(600 359.8018884 1620.847575)
(0 436.9654037 1620.847575)
(60 436.9654037 1620.847575)
(120 436.9654037 1620.847575)
(180 436.9654037 1620.847575)
(240 436.9654037 1620.847575)
(300 436.9654037 1620.847575)
(360 436.9654037 1620.847575)
(420 436.9654037 1620.847575)
(480 436.9654037 1620.847575)
(540 436.9654037 1620.847575)
(600 436.9654037 1620.847575)
(0 516.9959329 1620.847575)
(60 516.9959329 1620.847575)
(120 516.9959329 1620.847575)
(180 516.9959329 1620.847575)
(240 516.9959329 1620.847575)
(300 516.9959329 1620.847575)
(360 516.9959329 1620.847575)
(420 516.9959329 1620.847575)
(480 516.9959329 1620.847575)
(540 516.9959329 1620.847575)
(600 516.9959329 1620.847575)
(0 600 1620.847575)
(60 600 1620.847575)
(120 600 1620.847575)
(180 600 1620.847575)
(240 600 1620.847575)
(300 600 1620.847575)
(360 600 1620.847575)
(420 600 1620.847575)
(480 600 1620.847575)
(540 600 1620.847575)
(600 600 1620.847575)
(0 -108.2464081 1776.953698)
(60 -108.2464081 1776.953698)
(120 -108.2464081 1776.953698)
(180 -108.2464081 1776.953698)
(240 -108.2464081 1776.953698)
(300 -108.2464081 1776.953698)
(360 -108.2464081 1776.953698)
(420 -108.2464081 1776.953698)
(480 -108.2464081 1776.953698)
(540 -108.2464081 1776.953698)
(600 -108.2464081 1776.953698)
(0 -48.47324798 1776.953698)
(60 -48.47324798 1776.953698)
(120 -48.47324798 1776.953698)
(180 -48.47324798 1776.953698)
(240 -48.47324798 1776.953698)
(300 -48.47324798 1776.953698)
(360 -48.47324798 1776.953698)
(420 -48.47324798 1776.953698)
(480 -48.47324798 1776.953698)
(540 -48.47324798 1776.953698)
(600 -48.47324798 1776.953698)
(0 13.52078654 1776.953698)
(60 13.52078654 1776.953698)
(120 13.52078654 1776.953698)
(180 13.52078654 1776.953698)
(240 13.52078654 1776.953698)
(300 13.52078654 1776.953698)
(360 13.52078654 1776.953698)
(420 13.52078654 1776.953698)
(480 13.52078654 1776.953698)
(540 13.52078654 1776.953698)
(600 13.52078654 1776.953698)
(0 77.81821216 1776.953698)
(60 77.81821216 1776.953698)
(120 77.81821216 1776.953698)
(180 77.81821216 1776.953698)
(240 77.81821216 1776.953698)
(300 77.81821216 1776.953698)
(360 77.81821216 1776.953698)
(420 77.81821216 1776.953698)
(480 77.81821216 1776.953698)
(540 77.81821216 1776.953698)
(600 77.81821216 1776.953698)
(0 144.5046115 1776.953698)
(60 144.5046115 1776.953698)
(120 144.5046115 1776.953698)
(180 144.5046115 1776.953698)
(240 144.5046115 1776.953698)
(300 144.5046115 1776.953698)
(360 144.5046115 1776.953698)
(420 144.5046115 1776.953698)
(480 144.5046115 1776.953698)
(540 144.5046115 1776.953698)
(600 144.5046115 1776.953698)
(0 213.668747 1776.953698)
(60 213.668747 1776.953698)
(120 213.668747 1776.953698)
(180 213.668747 1776.953698)
(240 213.668747 1776.953698)
(300 213.668747 1776.953698)
(360 213.668747 1776.953698)
(420 213.668747 1776.953698)
(480 213.668747 1776.953698)
(540 213.668747 1776.953698)
(600 213.668747 1776.953698)
(0 285.402679 1776.953698)
(60 285.402679 1776.953698)
(120 285.402679 1776.953698)
(180 285.402679 1776.953698)
(240 285.402679 1776.953698)
(300 285.402679 1776.953698)
(360 285.402679 1776.953698)
(420 285.402679 1776.953698)
(480 285.402679 1776.953698)
(540 285.402679 1776.953698)
(600 285.402679 1776.953698)
(0 359.8018884 1776.953698)
(60 359.8018884 1776.953698)
(120 359.8018884 1776.953698)
(180 359.8018884 1776.953698)
(240 359.8018884 1776.953698)
(300 359.8018884 1776.953698)
(360 359.8018884 1776.953698)
(420 359.8018884 1776.953698)
(480 359.8018884 1776.953698)
(540 359.8018884 1776.953698)
(600 359.8018884 1776.953698)
(0 436.9654037 1776.953698)
(60 436.9654037 1776.953698)
(120 436.9654037 1776.953698)
(180 436.9654037 1776.953698)
(240 436.9654037 1776.953698)
(300 436.9654037 1776.953698)
(360 436.9654037 1776.953698)
(420 436.9654037 1776.953698)
(480 436.9654037 1776.953698)
(540 436.9654037 1776.953698)
(600 436.9654037 1776.953698)
(0 516.9959329 1776.953698)
(60 516.9959329 1776.953698)
(120 516.9959329 1776.953698)
(180 516.9959329 1776.953698)
(240 516.9959329 1776.953698)
(300 516.9959329 1776.953698)
(360 516.9959329 1776.953698)
(420 516.9959329 1776.953698)
(480 516.9959329 1776.953698)
(540 516.9959329 1776.953698)
(600 516.9959329 1776.953698)
(0 600 1776.953698)
(60 600 1776.953698)
(120 600 1776.953698)
(180 600 1776.953698)
(240 600 1776.953698)
(300 600 1776.953698)
(360 600 1776.953698)
(420 600 1776.953698)
(480 600 1776.953698)
(540 600 1776.953698)
(600 600 1776.953698)
(0 -108.2464081 1942.352203)
(60 -108.2464081 1942.352203)
(120 -108.2464081 1942.352203)
(180 -108.2464081 1942.352203)
(240 -108.2464081 1942.352203)
(300 -108.2464081 1942.352203)
(360 -108.2464081 1942.352203)
(420 -108.2464081 1942.352203)
(480 -108.2464081 1942.352203)
(540 -108.2464081 1942.352203)
(600 -108.2464081 1942.352203)
(0 -48.47324798 1942.352203)
(60 -48.47324798 1942.352203)
(120 -48.47324798 1942.352203)
(180 -48.47324798 1942.352203)
(240 -48.47324798 1942.352203)
(300 -48.47324798 1942.352203)
(360 -48.47324798 1942.352203)
(420 -48.47324798 1942.352203)
(480 -48.47324798 1942.352203)
(540 -48.47324798 1942.352203)
(600 -48.47324798 1942.352203)
(0 13.52078654 1942.352203)
(60 13.52078654 1942.352203)
(120 13.52078654 1942.352203)
(180 13.52078654 1942.352203)
(240 13.52078654 1942.352203)
(300 13.52078654 1942.352203)
(360 13.52078654 1942.352203)
(420 13.52078654 1942.352203)
(480 13.52078654 1942.352203)
(540 13.52078654 1942.352203)
(600 13.52078654 1942.352203)
(0 77.81821216 1942.352203)
(60 77.81821216 1942.352203)
(120 77.81821216 1942.352203)
(180 77.81821216 1942.352203)
(240 77.81821216 1942.352203)
(300 77.81821216 1942.352203)
(360 77.81821216 1942.352203)
(420 77.81821216 1942.352203)
(480 77.81821216 1942.352203)
(540 77.81821216 1942.352203)
(600 77.81821216 1942.352203)
(0 144.5046115 1942.352203)
(60 144.5046115 1942.352203)
(120 144.5046115 1942.352203)
(180 144.5046115 1942.352203)
(240 144.5046115 1942.352203)
(300 144.5046115 1942.352203)
(360 144.5046115 1942.352203)
(420 144.5046115 1942.352203)
(480 144.5046115 1942.352203)
(540 144.5046115 1942.352203)
(600 144.5046115 1942.352203)
(0 213.668747 1942.352203)
(60 213.668747 1942.352203)
(120 213.668747 1942.352203)
(180 213.668747 1942.352203)
(240 213.668747 1942.352203)
(300 213.668747 1942.352203)
(360 213.668747 1942.352203)
(420 213.668747 1942.352203)
(480 213.668747 1942.352203)
(540 213.668747 1942.352203)
(600 213.668747 1942.352203)
(0 285.402679 1942.352203)
(60 285.402679 1942.352203)
(120 285.402679 1942.352203)
(180 285.402679 1942.352203)
(240 285.402679 1942.352203)
(300 285.402679 1942.352203)
(360 285.402679 1942.352203)
(420 285.402679 1942.352203)
(480 285.402679 1942.352203)
(540 285.402679 1942.352203)
(600 285.402679 1942.352203)
(0 359.8018884 1942.352203)
(60 359.8018884 1942.352203)
(120 359.8018884 1942.352203)
(180 359.8018884 1942.352203)
(240 359.8018884 1942.352203)
(300 359.8018884 1942.352203)
(360 359.8018884 1942.352203)
(420 359.8018884 1942.352203)
(480 359.8018884 1942.352203)
(540 359.8018884 1942.352203)
(600 359.8018884 1942.352203)
(0 436.9654037 1942.352203)
(60 436.9654037 1942.352203)
(120 436.9654037 1942.352203)
(180 436.9654037 1942.352203)
(240 436.9654037 1942.352203)
(300 436.9654037 1942.352203)
(360 436.9654037 1942.352203)
(420 436.9654037 1942.352203)
(480 436.9654037 1942.352203)
(540 436.9654037 1942.352203)
(600 436.9654037 1942.352203)
(0 516.9959329 1942.352203)
(60 516.9959329 1942.352203)
(120 516.9959329 1942.352203)
(180 516.9959329 1942.352203)
(240 516.9959329 1942.352203)
(300 516.9959329 1942.352203)
(360 516.9959329 1942.352203)
(420 516.9959329 1942.352203)
(480 516.9959329 1942.352203)
(540 516.9959329 1942.352203)
(600 516.9959329 1942.352203)
(0 600 1942.352203)
(60 600 1942.352203)
(120 600 1942.352203)
(180 600 1942.352203)
(240 600 1942.352203)
(300 600 1942.352203)
(360 600 1942.352203)
(420 600 1942.352203)
(480 600 1942.352203)
(540 600 1942.352203)
(600 600 1942.352203)
(0 -108.2464081 2117.596231)
(60 -108.2464081 2117.596231)
(120 -108.2464081 2117.596231)
(180 -108.2464081 2117.596231)
(240 -108.2464081 2117.596231)
(300 -108.2464081 2117.596231)
(360 -108.2464081 2117.596231)
(420 -108.2464081 2117.596231)
(480 -108.2464081 2117.596231)
(540 -108.2464081 2117.596231)
(600 -108.2464081 2117.596231)
(0 -48.47324798 2117.596231)
(60 -48.47324798 2117.596231)
(120 -48.47324798 2117.596231)
(180 -48.47324798 2117.596231)
(240 -48.47324798 2117.596231)
(300 -48.47324798 2117.596231)
(360 -48.47324798 2117.596231)
(420 -48.47324798 2117.596231)
(480 -48.47324798 2117.596231)
(540 -48.47324798 2117.596231)
(600 -48.47324798 2117.596231)
(0 13.52078654 2117.596231)
(60 13.52078654 2117.596231)
(120 13.52078654 2117.596231)
(180 13.52078654 2117.596231)
(240 13.52078654 2117.596231)
(300 13.52078654 2117.596231)
(360 13.52078654 2117.596231)
(420 13.52078654 2117.596231)
(480 13.52078654 2117.596231)
(540 13.52078654 2117.596231)
(600 13.52078654 2117.596231)
(0 77.81821216 2117.596231)
(60 77.81821216 2117.596231)
(120 77.81821216 2117.596231)
(180 77.81821216 2117.596231)
(240 77.81821216 2117.596231)
(300 77.81821216 2117.596231)
(360 77.81821216 2117.596231)
(420 77.81821216 2117.596231)
(480 77.81821216 2117.596231)
(540 77.81821216 2117.596231)
(600 77.81821216 2117.596231)
(0 144.5046115 2117.596231)
(60 144.5046115 2117.596231)
(120 144.5046115 2117.596231)
(180 144.5046115 2117.596231)
(240 144.5046115 2117.596231)
(300 144.5046115 2117.596231)
(360 144.5046115 2117.596231)
(420 144.5046115 2117.596231)
(480 144.5046115 2117.596231)
(540 144.5046115 2117.596231)
(600 144.5046115 2117.596231)
(0 213.668747 2117.596231)
(60 213.668747 2117.596231)
(120 213.668747 2117.596231)
(180 213.668747 2117.596231)
(240 213.668747 2117.596231)
(300 213.668747 2117.596231)
(360 213.668747 2117.596231)
(420 213.668747 2117.596231)
(480 213.668747 2117.596231)
(540 213.668747 2117.596231)
(600 213.668747 2117.596231)
(0 285.402679 2117.596231)
(60 285.402679 2117.596231)
(120 285.402679 2117.596231)
(180 285.402679 2117.596231)
(240 285.402679 2117.596231)
(300 285.402679 2117.596231)
(360 285.402679 2117.596231)
(420 285.402679 2117.596231)
(480 285.402679 2117.596231)
(540 285.402679 2117.596231)
(600 285.402679 2117.596231)
(0 359.8018884 2117.596231)
(60 359.8018884 2117.596231)
(120 359.8018884 2117.596231)
(180 359.8018884 2117.596231)
(240 359.8018884 2117.596231)
(300 359.8018884 2117.596231)
(360 359.8018884 2117.596231)
(420 359.8018884 2117.596231)
(480 359.8018884 2117.596231)
(540 359.8018884 2117.596231)
(600 359.8018884 2117.596231)
(0 436.9654037 2117.596231)
(60 436.9654037 2117.596231)
(120 436.9654037 2117.596231)
(180 436.9654037 2117.596231)
(240 436.9654037 2117.596231)
(300 436.9654037 2117.596231)
(360 436.9654037 2117.596231)
(420 436.9654037 2117.596231)
(480 436.9654037 2117.596231)
(540 436.9654037 2117.596231)
(600 436.9654037 2117.596231)
(0 516.9959329 2117.596231)
(60 516.9959329 2117.596231)
(120 516.9959329 2117.596231)
(180 516.9959329 2117.596231)
(240 516.9959329 2117.596231)
(300 516.9959329 2117.596231)
(360 516.9959329 2117.596231)
(420 516.9959329 2117.596231)
(480 516.9959329 2117.596231)
(540 516.9959329 2117.596231)
(600 516.9959329 2117.596231)
(0 600 2117.596231)
(60 600 2117.596231)
(120 600 2117.596231)
(180 600 2117.596231)
(240 600 2117.596231)
(300 600 2117.596231)
(360 600 2117.596231)
(420 600 2117.596231)
(480 600 2117.596231)
(540 600 2117.596231)
(600 600 2117.596231)
(0 -108.2464081 2303.271846)
(60 -108.2464081 2303.271846)
(120 -108.2464081 2303.271846)
(180 -108.2464081 2303.271846)
(240 -108.2464081 2303.271846)
(300 -108.2464081 2303.271846)
(360 -108.2464081 2303.271846)
(420 -108.2464081 2303.271846)
(480 -108.2464081 2303.271846)
(540 -108.2464081 2303.271846)
(600 -108.2464081 2303.271846)
(0 -48.47324798 2303.271846)
(60 -48.47324798 2303.271846)
(120 -48.47324798 2303.271846)
(180 -48.47324798 2303.271846)
(240 -48.47324798 2303.271846)
(300 -48.47324798 2303.271846)
(360 -48.47324798 2303.271846)
(420 -48.47324798 2303.271846)
(480 -48.47324798 2303.271846)
(540 -48.47324798 2303.271846)
(600 -48.47324798 2303.271846)
(0 13.52078654 2303.271846)
(60 13.52078654 2303.271846)
(120 13.52078654 2303.271846)
(180 13.52078654 2303.271846)
(240 13.52078654 2303.271846)
(300 13.52078654 2303.271846)
(360 13.52078654 2303.271846)
(420 13.52078654 2303.271846)
(480 13.52078654 2303.271846)
(540 13.52078654 2303.271846)
(600 13.52078654 2303.271846)
(0 77.81821216 2303.271846)
(60 77.81821216 2303.271846)
(120 77.81821216 2303.271846)
(180 77.81821216 2303.271846)
(240 77.81821216 2303.271846)
(300 77.81821216 2303.271846)
(360 77.81821216 2303.271846)
(420 77.81821216 2303.271846)
(480 77.81821216 2303.271846)
(540 77.81821216 2303.271846)
(600 77.81821216 2303.271846)
(0 144.5046115 2303.271846)
(60 144.5046115 2303.271846)
(120 144.5046115 2303.271846)
(180 144.5046115 2303.271846)
(240 144.5046115 2303.271846)
(300 144.5046115 2303.271846)
(360 144.5046115 2303.271846)
(420 144.5046115 2303.271846)
(480 144.5046115 2303.271846)
(540 144.5046115 2303.271846)
(600 144.5046115 2303.271846)
(0 213.668747 2303.271846)
(60 213.668747 2303.271846)
(120 213.668747 2303.271846)
(180 213.668747 2303.271846)
(240 213.668747 2303.271846)
(300 213.668747 2303.271846)
(360 213.668747 2303.271846)
(420 213.668747 2303.271846)
(480 213.668747 2303.271846)
(540 213.668747 2303.271846)
(600 213.668747 2303.271846)
(0 285.402679 2303.271846)
(60 285.402679 2303.271846)
(120 285.402679 2303.271846)
(180 285.402679 2303.271846)
(240 285.402679 2303.271846)
(300 285.402679 2303.271846)
(360 285.402679 2303.271846)
(420 285.402679 2303.271846)
(480 285.402679 2303.271846)
(540 285.402679 2303.271846)
(600 285.402679 2303.271846)
(0 359.8018884 2303.271846)
(60 359.8018884 2303.271846)
(120 359.8018884 2303.271846)
(180 359.8018884 2303.271846)
(240 359.8018884 2303.271846)
(300 359.8018884 2303.271846)
(360 359.8018884 2303.271846)
(420 359.8018884 2303.271846)
(480 359.8018884 2303.271846)
(540 359.8018884 2303.271846)
(600 359.8018884 2303.271846)
(0 436.9654037 2303.271846)
(60 436.9654037 2303.271846)
(120 436.9654037 2303.271846)
(180 436.9654037 2303.271846)
(240 436.9654037 2303.271846)
(300 436.9654037 2303.271846)
(360 436.9654037 2303.271846)
(420 436.9654037 2303.271846)
(480 436.9654037 2303.271846)
(540 436.9654037 2303.271846)
(600 436.9654037 2303.271846)
(0 516.9959329 2303.271846)
(60 516.9959329 2303.271846)
(120 516.9959329 2303.271846)
(180 516.9959329 2303.271846)
(240 516.9959329 2303.271846)
(300 516.9959329 2303.271846)
(360 516.9959329 2303.271846)
(420 516.9959329 2303.271846)
(480 516.9959329 2303.271846)
(540 516.9959329 2303.271846)
(600 516.9959329 2303.271846)
(0 600 2303.271846)
(60 600 2303.271846)
(120 600 2303.271846)
(180 600 2303.271846)
(240 600 2303.271846)
(300 600 2303.271846)
(360 600 2303.271846)
(420 600 2303.271846)
(480 600 2303.271846)
(540 600 2303.271846)
(600 600 2303.271846)
(0 -108.2464081 2500)
(60 -108.2464081 2500)
(120 -108.2464081 2500)
(180 -108.2464081 2500)
(240 -108.2464081 2500)
(300 -108.2464081 2500)
(360 -108.2464081 2500)
(420 -108.2464081 2500)
(480 -108.2464081 2500)
(540 -108.2464081 2500)
(600 -108.2464081 2500)
(0 -48.47324798 2500)
(60 -48.47324798 2500)
(120 -48.47324798 2500)
(180 -48.47324798 2500)
(240 -48.47324798 2500)
(300 -48.47324798 2500)
(360 -48.47324798 2500)
(420 -48.47324798 2500)
(480 -48.47324798 2500)
(540 -48.47324798 2500)
(600 -48.47324798 2500)
(0 13.52078654 2500)
(60 13.52078654 2500)
(120 13.52078654 2500)
(180 13.52078654 2500)
(240 13.52078654 2500)
(300 13.52078654 2500)
(360 13.52078654 2500)
(420 13.52078654 2500)
(480 13.52078654 2500)
(540 13.52078654 2500)
(600 13.52078654 2500)
(0 77.81821216 2500)
(60 77.81821216 2500)
(120 77.81821216 2500)
(180 77.81821216 2500)
(240 77.81821216 2500)
(300 77.81821216 2500)
(360 77.81821216 2500)
(420 77.81821216 2500)
(480 77.81821216 2500)
(540 77.81821216 2500)
(600 77.81821216 2500)
(0 144.5046115 2500)
(60 144.5046115 2500)
(120 144.5046115 2500)
(180 144.5046115 2500)
(240 144.5046115 2500)
(300 144.5046115 2500)
(360 144.5046115 2500)
(420 144.5046115 2500)
(480 144.5046115 2500)
(540 144.5046115 2500)
(600 144.5046115 2500)
(0 213.668747 2500)
(60 213.668747 2500)
(120 213.668747 2500)
(180 213.668747 2500)
(240 213.668747 2500)
(300 213.668747 2500)
(360 213.668747 2500)
(420 213.668747 2500)
(480 213.668747 2500)
(540 213.668747 2500)
(600 213.668747 2500)
(0 285.402679 2500)
(60 285.402679 2500)
(120 285.402679 2500)
(180 285.402679 2500)
(240 285.402679 2500)
(300 285.402679 2500)
(360 285.402679 2500)
(420 285.402679 2500)
(480 285.402679 2500)
(540 285.402679 2500)
(600 285.402679 2500)
(0 359.8018884 2500)
(60 359.8018884 2500)
(120 359.8018884 2500)
(180 359.8018884 2500)
(240 359.8018884 2500)
(300 359.8018884 2500)
(360 359.8018884 2500)
(420 359.8018884 2500)
(480 359.8018884 2500)
(540 359.8018884 2500)
(600 359.8018884 2500)
(0 436.9654037 2500)
(60 436.9654037 2500)
(120 436.9654037 2500)
(180 436.9654037 2500)
(240 436.9654037 2500)
(300 436.9654037 2500)
(360 436.9654037 2500)
(420 436.9654037 2500)
(480 436.9654037 2500)
(540 436.9654037 2500)
(600 436.9654037 2500)
(0 516.9959329 2500)
(60 516.9959329 2500)
(120 516.9959329 2500)
(180 516.9959329 2500)
(240 516.9959329 2500)
(300 516.9959329 2500)
(360 516.9959329 2500)
(420 516.9959329 2500)
(480 516.9959329 2500)
(540 516.9959329 2500)
(600 516.9959329 2500)
(0 600 2500)
(60 600 2500)
(120 600 2500)
(180 600 2500)
(240 600 2500)
(300 600 2500)
(360 600 2500)
(420 600 2500)
(480 600 2500)
(540 600 2500)
(600 600 2500)
)


// ************************************************************************* //
