/*--------------------------------*- C++ -*----------------------------------*\
| =========                 |                                                 |
| \\      /  F ield         | OpenFOAM: The Open Source CFD Toolbox           |
|  \\    /   O peration     | Version:  4.1                                   |
|   \\  /    A nd           | Web:      www.OpenFOAM.org                      |
|    \\/     M anipulation  |                                                 |
\*---------------------------------------------------------------------------*/
FoamFile
{
    version     2.0;
    format      ascii;
    class       labelList;
    location    "constant/polyMesh";
    object      pointProcAddressing;
}
// * * * * * * * * * * * * * * * * * * * * * * * * * * * * * * * * * * * * * //


2541
(
220
221
222
223
224
225
226
227
228
229
230
241
242
243
244
245
246
247
248
249
250
251
262
263
264
265
266
267
268
269
270
271
272
283
284
285
286
287
288
289
290
291
292
293
304
305
306
307
308
309
310
311
312
313
314
325
326
327
328
329
330
331
332
333
334
335
346
347
348
349
350
351
352
353
354
355
356
367
368
369
370
371
372
373
374
375
376
377
388
389
390
391
392
393
394
395
396
397
398
409
410
411
412
413
414
415
416
417
418
419
430
431
432
433
434
435
436
437
438
439
440
661
662
663
664
665
666
667
668
669
670
671
682
683
684
685
686
687
688
689
690
691
692
703
704
705
706
707
708
709
710
711
712
713
724
725
726
727
728
729
730
731
732
733
734
745
746
747
748
749
750
751
752
753
754
755
766
767
768
769
770
771
772
773
774
775
776
787
788
789
790
791
792
793
794
795
796
797
808
809
810
811
812
813
814
815
816
817
818
829
830
831
832
833
834
835
836
837
838
839
850
851
852
853
854
855
856
857
858
859
860
871
872
873
874
875
876
877
878
879
880
881
1102
1103
1104
1105
1106
1107
1108
1109
1110
1111
1112
1123
1124
1125
1126
1127
1128
1129
1130
1131
1132
1133
1144
1145
1146
1147
1148
1149
1150
1151
1152
1153
1154
1165
1166
1167
1168
1169
1170
1171
1172
1173
1174
1175
1186
1187
1188
1189
1190
1191
1192
1193
1194
1195
1196
1207
1208
1209
1210
1211
1212
1213
1214
1215
1216
1217
1228
1229
1230
1231
1232
1233
1234
1235
1236
1237
1238
1249
1250
1251
1252
1253
1254
1255
1256
1257
1258
1259
1270
1271
1272
1273
1274
1275
1276
1277
1278
1279
1280
1291
1292
1293
1294
1295
1296
1297
1298
1299
1300
1301
1312
1313
1314
1315
1316
1317
1318
1319
1320
1321
1322
1543
1544
1545
1546
1547
1548
1549
1550
1551
1552
1553
1564
1565
1566
1567
1568
1569
1570
1571
1572
1573
1574
1585
1586
1587
1588
1589
1590
1591
1592
1593
1594
1595
1606
1607
1608
1609
1610
1611
1612
1613
1614
1615
1616
1627
1628
1629
1630
1631
1632
1633
1634
1635
1636
1637
1648
1649
1650
1651
1652
1653
1654
1655
1656
1657
1658
1669
1670
1671
1672
1673
1674
1675
1676
1677
1678
1679
1690
1691
1692
1693
1694
1695
1696
1697
1698
1699
1700
1711
1712
1713
1714
1715
1716
1717
1718
1719
1720
1721
1732
1733
1734
1735
1736
1737
1738
1739
1740
1741
1742
1753
1754
1755
1756
1757
1758
1759
1760
1761
1762
1763
1984
1985
1986
1987
1988
1989
1990
1991
1992
1993
1994
2005
2006
2007
2008
2009
2010
2011
2012
2013
2014
2015
2026
2027
2028
2029
2030
2031
2032
2033
2034
2035
2036
2047
2048
2049
2050
2051
2052
2053
2054
2055
2056
2057
2068
2069
2070
2071
2072
2073
2074
2075
2076
2077
2078
2089
2090
2091
2092
2093
2094
2095
2096
2097
2098
2099
2110
2111
2112
2113
2114
2115
2116
2117
2118
2119
2120
2131
2132
2133
2134
2135
2136
2137
2138
2139
2140
2141
2152
2153
2154
2155
2156
2157
2158
2159
2160
2161
2162
2173
2174
2175
2176
2177
2178
2179
2180
2181
2182
2183
2194
2195
2196
2197
2198
2199
2200
2201
2202
2203
2204
2425
2426
2427
2428
2429
2430
2431
2432
2433
2434
2435
2446
2447
2448
2449
2450
2451
2452
2453
2454
2455
2456
2467
2468
2469
2470
2471
2472
2473
2474
2475
2476
2477
2488
2489
2490
2491
2492
2493
2494
2495
2496
2497
2498
2509
2510
2511
2512
2513
2514
2515
2516
2517
2518
2519
2530
2531
2532
2533
2534
2535
2536
2537
2538
2539
2540
2551
2552
2553
2554
2555
2556
2557
2558
2559
2560
2561
2572
2573
2574
2575
2576
2577
2578
2579
2580
2581
2582
2593
2594
2595
2596
2597
2598
2599
2600
2601
2602
2603
2614
2615
2616
2617
2618
2619
2620
2621
2622
2623
2624
2635
2636
2637
2638
2639
2640
2641
2642
2643
2644
2645
2866
2867
2868
2869
2870
2871
2872
2873
2874
2875
2876
2887
2888
2889
2890
2891
2892
2893
2894
2895
2896
2897
2908
2909
2910
2911
2912
2913
2914
2915
2916
2917
2918
2929
2930
2931
2932
2933
2934
2935
2936
2937
2938
2939
2950
2951
2952
2953
2954
2955
2956
2957
2958
2959
2960
2971
2972
2973
2974
2975
2976
2977
2978
2979
2980
2981
2992
2993
2994
2995
2996
2997
2998
2999
3000
3001
3002
3013
3014
3015
3016
3017
3018
3019
3020
3021
3022
3023
3034
3035
3036
3037
3038
3039
3040
3041
3042
3043
3044
3055
3056
3057
3058
3059
3060
3061
3062
3063
3064
3065
3076
3077
3078
3079
3080
3081
3082
3083
3084
3085
3086
3307
3308
3309
3310
3311
3312
3313
3314
3315
3316
3317
3328
3329
3330
3331
3332
3333
3334
3335
3336
3337
3338
3349
3350
3351
3352
3353
3354
3355
3356
3357
3358
3359
3370
3371
3372
3373
3374
3375
3376
3377
3378
3379
3380
3391
3392
3393
3394
3395
3396
3397
3398
3399
3400
3401
3412
3413
3414
3415
3416
3417
3418
3419
3420
3421
3422
3433
3434
3435
3436
3437
3438
3439
3440
3441
3442
3443
3454
3455
3456
3457
3458
3459
3460
3461
3462
3463
3464
3475
3476
3477
3478
3479
3480
3481
3482
3483
3484
3485
3496
3497
3498
3499
3500
3501
3502
3503
3504
3505
3506
3517
3518
3519
3520
3521
3522
3523
3524
3525
3526
3527
3748
3749
3750
3751
3752
3753
3754
3755
3756
3757
3758
3769
3770
3771
3772
3773
3774
3775
3776
3777
3778
3779
3790
3791
3792
3793
3794
3795
3796
3797
3798
3799
3800
3811
3812
3813
3814
3815
3816
3817
3818
3819
3820
3821
3832
3833
3834
3835
3836
3837
3838
3839
3840
3841
3842
3853
3854
3855
3856
3857
3858
3859
3860
3861
3862
3863
3874
3875
3876
3877
3878
3879
3880
3881
3882
3883
3884
3895
3896
3897
3898
3899
3900
3901
3902
3903
3904
3905
3916
3917
3918
3919
3920
3921
3922
3923
3924
3925
3926
3937
3938
3939
3940
3941
3942
3943
3944
3945
3946
3947
3958
3959
3960
3961
3962
3963
3964
3965
3966
3967
3968
4189
4190
4191
4192
4193
4194
4195
4196
4197
4198
4199
4210
4211
4212
4213
4214
4215
4216
4217
4218
4219
4220
4231
4232
4233
4234
4235
4236
4237
4238
4239
4240
4241
4252
4253
4254
4255
4256
4257
4258
4259
4260
4261
4262
4273
4274
4275
4276
4277
4278
4279
4280
4281
4282
4283
4294
4295
4296
4297
4298
4299
4300
4301
4302
4303
4304
4315
4316
4317
4318
4319
4320
4321
4322
4323
4324
4325
4336
4337
4338
4339
4340
4341
4342
4343
4344
4345
4346
4357
4358
4359
4360
4361
4362
4363
4364
4365
4366
4367
4378
4379
4380
4381
4382
4383
4384
4385
4386
4387
4388
4399
4400
4401
4402
4403
4404
4405
4406
4407
4408
4409
4630
4631
4632
4633
4634
4635
4636
4637
4638
4639
4640
4651
4652
4653
4654
4655
4656
4657
4658
4659
4660
4661
4672
4673
4674
4675
4676
4677
4678
4679
4680
4681
4682
4693
4694
4695
4696
4697
4698
4699
4700
4701
4702
4703
4714
4715
4716
4717
4718
4719
4720
4721
4722
4723
4724
4735
4736
4737
4738
4739
4740
4741
4742
4743
4744
4745
4756
4757
4758
4759
4760
4761
4762
4763
4764
4765
4766
4777
4778
4779
4780
4781
4782
4783
4784
4785
4786
4787
4798
4799
4800
4801
4802
4803
4804
4805
4806
4807
4808
4819
4820
4821
4822
4823
4824
4825
4826
4827
4828
4829
4840
4841
4842
4843
4844
4845
4846
4847
4848
4849
4850
5071
5072
5073
5074
5075
5076
5077
5078
5079
5080
5081
5092
5093
5094
5095
5096
5097
5098
5099
5100
5101
5102
5113
5114
5115
5116
5117
5118
5119
5120
5121
5122
5123
5134
5135
5136
5137
5138
5139
5140
5141
5142
5143
5144
5155
5156
5157
5158
5159
5160
5161
5162
5163
5164
5165
5176
5177
5178
5179
5180
5181
5182
5183
5184
5185
5186
5197
5198
5199
5200
5201
5202
5203
5204
5205
5206
5207
5218
5219
5220
5221
5222
5223
5224
5225
5226
5227
5228
5239
5240
5241
5242
5243
5244
5245
5246
5247
5248
5249
5260
5261
5262
5263
5264
5265
5266
5267
5268
5269
5270
5281
5282
5283
5284
5285
5286
5287
5288
5289
5290
5291
5512
5513
5514
5515
5516
5517
5518
5519
5520
5521
5522
5533
5534
5535
5536
5537
5538
5539
5540
5541
5542
5543
5554
5555
5556
5557
5558
5559
5560
5561
5562
5563
5564
5575
5576
5577
5578
5579
5580
5581
5582
5583
5584
5585
5596
5597
5598
5599
5600
5601
5602
5603
5604
5605
5606
5617
5618
5619
5620
5621
5622
5623
5624
5625
5626
5627
5638
5639
5640
5641
5642
5643
5644
5645
5646
5647
5648
5659
5660
5661
5662
5663
5664
5665
5666
5667
5668
5669
5680
5681
5682
5683
5684
5685
5686
5687
5688
5689
5690
5701
5702
5703
5704
5705
5706
5707
5708
5709
5710
5711
5722
5723
5724
5725
5726
5727
5728
5729
5730
5731
5732
5953
5954
5955
5956
5957
5958
5959
5960
5961
5962
5963
5974
5975
5976
5977
5978
5979
5980
5981
5982
5983
5984
5995
5996
5997
5998
5999
6000
6001
6002
6003
6004
6005
6016
6017
6018
6019
6020
6021
6022
6023
6024
6025
6026
6037
6038
6039
6040
6041
6042
6043
6044
6045
6046
6047
6058
6059
6060
6061
6062
6063
6064
6065
6066
6067
6068
6079
6080
6081
6082
6083
6084
6085
6086
6087
6088
6089
6100
6101
6102
6103
6104
6105
6106
6107
6108
6109
6110
6121
6122
6123
6124
6125
6126
6127
6128
6129
6130
6131
6142
6143
6144
6145
6146
6147
6148
6149
6150
6151
6152
6163
6164
6165
6166
6167
6168
6169
6170
6171
6172
6173
6394
6395
6396
6397
6398
6399
6400
6401
6402
6403
6404
6415
6416
6417
6418
6419
6420
6421
6422
6423
6424
6425
6436
6437
6438
6439
6440
6441
6442
6443
6444
6445
6446
6457
6458
6459
6460
6461
6462
6463
6464
6465
6466
6467
6478
6479
6480
6481
6482
6483
6484
6485
6486
6487
6488
6499
6500
6501
6502
6503
6504
6505
6506
6507
6508
6509
6520
6521
6522
6523
6524
6525
6526
6527
6528
6529
6530
6541
6542
6543
6544
6545
6546
6547
6548
6549
6550
6551
6562
6563
6564
6565
6566
6567
6568
6569
6570
6571
6572
6583
6584
6585
6586
6587
6588
6589
6590
6591
6592
6593
6604
6605
6606
6607
6608
6609
6610
6611
6612
6613
6614
6835
6836
6837
6838
6839
6840
6841
6842
6843
6844
6845
6856
6857
6858
6859
6860
6861
6862
6863
6864
6865
6866
6877
6878
6879
6880
6881
6882
6883
6884
6885
6886
6887
6898
6899
6900
6901
6902
6903
6904
6905
6906
6907
6908
6919
6920
6921
6922
6923
6924
6925
6926
6927
6928
6929
6940
6941
6942
6943
6944
6945
6946
6947
6948
6949
6950
6961
6962
6963
6964
6965
6966
6967
6968
6969
6970
6971
6982
6983
6984
6985
6986
6987
6988
6989
6990
6991
6992
7003
7004
7005
7006
7007
7008
7009
7010
7011
7012
7013
7024
7025
7026
7027
7028
7029
7030
7031
7032
7033
7034
7045
7046
7047
7048
7049
7050
7051
7052
7053
7054
7055
7276
7277
7278
7279
7280
7281
7282
7283
7284
7285
7286
7297
7298
7299
7300
7301
7302
7303
7304
7305
7306
7307
7318
7319
7320
7321
7322
7323
7324
7325
7326
7327
7328
7339
7340
7341
7342
7343
7344
7345
7346
7347
7348
7349
7360
7361
7362
7363
7364
7365
7366
7367
7368
7369
7370
7381
7382
7383
7384
7385
7386
7387
7388
7389
7390
7391
7402
7403
7404
7405
7406
7407
7408
7409
7410
7411
7412
7423
7424
7425
7426
7427
7428
7429
7430
7431
7432
7433
7444
7445
7446
7447
7448
7449
7450
7451
7452
7453
7454
7465
7466
7467
7468
7469
7470
7471
7472
7473
7474
7475
7486
7487
7488
7489
7490
7491
7492
7493
7494
7495
7496
7717
7718
7719
7720
7721
7722
7723
7724
7725
7726
7727
7738
7739
7740
7741
7742
7743
7744
7745
7746
7747
7748
7759
7760
7761
7762
7763
7764
7765
7766
7767
7768
7769
7780
7781
7782
7783
7784
7785
7786
7787
7788
7789
7790
7801
7802
7803
7804
7805
7806
7807
7808
7809
7810
7811
7822
7823
7824
7825
7826
7827
7828
7829
7830
7831
7832
7843
7844
7845
7846
7847
7848
7849
7850
7851
7852
7853
7864
7865
7866
7867
7868
7869
7870
7871
7872
7873
7874
7885
7886
7887
7888
7889
7890
7891
7892
7893
7894
7895
7906
7907
7908
7909
7910
7911
7912
7913
7914
7915
7916
7927
7928
7929
7930
7931
7932
7933
7934
7935
7936
7937
8158
8159
8160
8161
8162
8163
8164
8165
8166
8167
8168
8179
8180
8181
8182
8183
8184
8185
8186
8187
8188
8189
8200
8201
8202
8203
8204
8205
8206
8207
8208
8209
8210
8221
8222
8223
8224
8225
8226
8227
8228
8229
8230
8231
8242
8243
8244
8245
8246
8247
8248
8249
8250
8251
8252
8263
8264
8265
8266
8267
8268
8269
8270
8271
8272
8273
8284
8285
8286
8287
8288
8289
8290
8291
8292
8293
8294
8305
8306
8307
8308
8309
8310
8311
8312
8313
8314
8315
8326
8327
8328
8329
8330
8331
8332
8333
8334
8335
8336
8347
8348
8349
8350
8351
8352
8353
8354
8355
8356
8357
8368
8369
8370
8371
8372
8373
8374
8375
8376
8377
8378
8599
8600
8601
8602
8603
8604
8605
8606
8607
8608
8609
8620
8621
8622
8623
8624
8625
8626
8627
8628
8629
8630
8641
8642
8643
8644
8645
8646
8647
8648
8649
8650
8651
8662
8663
8664
8665
8666
8667
8668
8669
8670
8671
8672
8683
8684
8685
8686
8687
8688
8689
8690
8691
8692
8693
8704
8705
8706
8707
8708
8709
8710
8711
8712
8713
8714
8725
8726
8727
8728
8729
8730
8731
8732
8733
8734
8735
8746
8747
8748
8749
8750
8751
8752
8753
8754
8755
8756
8767
8768
8769
8770
8771
8772
8773
8774
8775
8776
8777
8788
8789
8790
8791
8792
8793
8794
8795
8796
8797
8798
8809
8810
8811
8812
8813
8814
8815
8816
8817
8818
8819
9040
9041
9042
9043
9044
9045
9046
9047
9048
9049
9050
9061
9062
9063
9064
9065
9066
9067
9068
9069
9070
9071
9082
9083
9084
9085
9086
9087
9088
9089
9090
9091
9092
9103
9104
9105
9106
9107
9108
9109
9110
9111
9112
9113
9124
9125
9126
9127
9128
9129
9130
9131
9132
9133
9134
9145
9146
9147
9148
9149
9150
9151
9152
9153
9154
9155
9166
9167
9168
9169
9170
9171
9172
9173
9174
9175
9176
9187
9188
9189
9190
9191
9192
9193
9194
9195
9196
9197
9208
9209
9210
9211
9212
9213
9214
9215
9216
9217
9218
9229
9230
9231
9232
9233
9234
9235
9236
9237
9238
9239
9250
9251
9252
9253
9254
9255
9256
9257
9258
9259
9260
)


// ************************************************************************* //
