/*--------------------------------*- C++ -*----------------------------------*\
| =========                 |                                                 |
| \\      /  F ield         | OpenFOAM: The Open Source CFD Toolbox           |
|  \\    /   O peration     | Version:  4.1                                   |
|   \\  /    A nd           | Web:      www.OpenFOAM.org                      |
|    \\/     M anipulation  |                                                 |
\*---------------------------------------------------------------------------*/
FoamFile
{
    version     2.0;
    format      ascii;
    class       labelList;
    location    "constant/polyMesh";
    object      cellProcAddressing;
}
// * * * * * * * * * * * * * * * * * * * * * * * * * * * * * * * * * * * * * //


2000
(
0
1
2
3
4
5
6
7
8
9
20
21
22
23
24
25
26
27
28
29
40
41
42
43
44
45
46
47
48
49
60
61
62
63
64
65
66
67
68
69
80
81
82
83
84
85
86
87
88
89
100
101
102
103
104
105
106
107
108
109
120
121
122
123
124
125
126
127
128
129
140
141
142
143
144
145
146
147
148
149
160
161
162
163
164
165
166
167
168
169
180
181
182
183
184
185
186
187
188
189
400
401
402
403
404
405
406
407
408
409
420
421
422
423
424
425
426
427
428
429
440
441
442
443
444
445
446
447
448
449
460
461
462
463
464
465
466
467
468
469
480
481
482
483
484
485
486
487
488
489
500
501
502
503
504
505
506
507
508
509
520
521
522
523
524
525
526
527
528
529
540
541
542
543
544
545
546
547
548
549
560
561
562
563
564
565
566
567
568
569
580
581
582
583
584
585
586
587
588
589
800
801
802
803
804
805
806
807
808
809
820
821
822
823
824
825
826
827
828
829
840
841
842
843
844
845
846
847
848
849
860
861
862
863
864
865
866
867
868
869
880
881
882
883
884
885
886
887
888
889
900
901
902
903
904
905
906
907
908
909
920
921
922
923
924
925
926
927
928
929
940
941
942
943
944
945
946
947
948
949
960
961
962
963
964
965
966
967
968
969
980
981
982
983
984
985
986
987
988
989
1200
1201
1202
1203
1204
1205
1206
1207
1208
1209
1220
1221
1222
1223
1224
1225
1226
1227
1228
1229
1240
1241
1242
1243
1244
1245
1246
1247
1248
1249
1260
1261
1262
1263
1264
1265
1266
1267
1268
1269
1280
1281
1282
1283
1284
1285
1286
1287
1288
1289
1300
1301
1302
1303
1304
1305
1306
1307
1308
1309
1320
1321
1322
1323
1324
1325
1326
1327
1328
1329
1340
1341
1342
1343
1344
1345
1346
1347
1348
1349
1360
1361
1362
1363
1364
1365
1366
1367
1368
1369
1380
1381
1382
1383
1384
1385
1386
1387
1388
1389
1600
1601
1602
1603
1604
1605
1606
1607
1608
1609
1620
1621
1622
1623
1624
1625
1626
1627
1628
1629
1640
1641
1642
1643
1644
1645
1646
1647
1648
1649
1660
1661
1662
1663
1664
1665
1666
1667
1668
1669
1680
1681
1682
1683
1684
1685
1686
1687
1688
1689
1700
1701
1702
1703
1704
1705
1706
1707
1708
1709
1720
1721
1722
1723
1724
1725
1726
1727
1728
1729
1740
1741
1742
1743
1744
1745
1746
1747
1748
1749
1760
1761
1762
1763
1764
1765
1766
1767
1768
1769
1780
1781
1782
1783
1784
1785
1786
1787
1788
1789
2000
2001
2002
2003
2004
2005
2006
2007
2008
2009
2020
2021
2022
2023
2024
2025
2026
2027
2028
2029
2040
2041
2042
2043
2044
2045
2046
2047
2048
2049
2060
2061
2062
2063
2064
2065
2066
2067
2068
2069
2080
2081
2082
2083
2084
2085
2086
2087
2088
2089
2100
2101
2102
2103
2104
2105
2106
2107
2108
2109
2120
2121
2122
2123
2124
2125
2126
2127
2128
2129
2140
2141
2142
2143
2144
2145
2146
2147
2148
2149
2160
2161
2162
2163
2164
2165
2166
2167
2168
2169
2180
2181
2182
2183
2184
2185
2186
2187
2188
2189
2400
2401
2402
2403
2404
2405
2406
2407
2408
2409
2420
2421
2422
2423
2424
2425
2426
2427
2428
2429
2440
2441
2442
2443
2444
2445
2446
2447
2448
2449
2460
2461
2462
2463
2464
2465
2466
2467
2468
2469
2480
2481
2482
2483
2484
2485
2486
2487
2488
2489
2500
2501
2502
2503
2504
2505
2506
2507
2508
2509
2520
2521
2522
2523
2524
2525
2526
2527
2528
2529
2540
2541
2542
2543
2544
2545
2546
2547
2548
2549
2560
2561
2562
2563
2564
2565
2566
2567
2568
2569
2580
2581
2582
2583
2584
2585
2586
2587
2588
2589
2800
2801
2802
2803
2804
2805
2806
2807
2808
2809
2820
2821
2822
2823
2824
2825
2826
2827
2828
2829
2840
2841
2842
2843
2844
2845
2846
2847
2848
2849
2860
2861
2862
2863
2864
2865
2866
2867
2868
2869
2880
2881
2882
2883
2884
2885
2886
2887
2888
2889
2900
2901
2902
2903
2904
2905
2906
2907
2908
2909
2920
2921
2922
2923
2924
2925
2926
2927
2928
2929
2940
2941
2942
2943
2944
2945
2946
2947
2948
2949
2960
2961
2962
2963
2964
2965
2966
2967
2968
2969
2980
2981
2982
2983
2984
2985
2986
2987
2988
2989
3200
3201
3202
3203
3204
3205
3206
3207
3208
3209
3220
3221
3222
3223
3224
3225
3226
3227
3228
3229
3240
3241
3242
3243
3244
3245
3246
3247
3248
3249
3260
3261
3262
3263
3264
3265
3266
3267
3268
3269
3280
3281
3282
3283
3284
3285
3286
3287
3288
3289
3300
3301
3302
3303
3304
3305
3306
3307
3308
3309
3320
3321
3322
3323
3324
3325
3326
3327
3328
3329
3340
3341
3342
3343
3344
3345
3346
3347
3348
3349
3360
3361
3362
3363
3364
3365
3366
3367
3368
3369
3380
3381
3382
3383
3384
3385
3386
3387
3388
3389
3600
3601
3602
3603
3604
3605
3606
3607
3608
3609
3620
3621
3622
3623
3624
3625
3626
3627
3628
3629
3640
3641
3642
3643
3644
3645
3646
3647
3648
3649
3660
3661
3662
3663
3664
3665
3666
3667
3668
3669
3680
3681
3682
3683
3684
3685
3686
3687
3688
3689
3700
3701
3702
3703
3704
3705
3706
3707
3708
3709
3720
3721
3722
3723
3724
3725
3726
3727
3728
3729
3740
3741
3742
3743
3744
3745
3746
3747
3748
3749
3760
3761
3762
3763
3764
3765
3766
3767
3768
3769
3780
3781
3782
3783
3784
3785
3786
3787
3788
3789
4000
4001
4002
4003
4004
4005
4006
4007
4008
4009
4020
4021
4022
4023
4024
4025
4026
4027
4028
4029
4040
4041
4042
4043
4044
4045
4046
4047
4048
4049
4060
4061
4062
4063
4064
4065
4066
4067
4068
4069
4080
4081
4082
4083
4084
4085
4086
4087
4088
4089
4100
4101
4102
4103
4104
4105
4106
4107
4108
4109
4120
4121
4122
4123
4124
4125
4126
4127
4128
4129
4140
4141
4142
4143
4144
4145
4146
4147
4148
4149
4160
4161
4162
4163
4164
4165
4166
4167
4168
4169
4180
4181
4182
4183
4184
4185
4186
4187
4188
4189
4400
4401
4402
4403
4404
4405
4406
4407
4408
4409
4420
4421
4422
4423
4424
4425
4426
4427
4428
4429
4440
4441
4442
4443
4444
4445
4446
4447
4448
4449
4460
4461
4462
4463
4464
4465
4466
4467
4468
4469
4480
4481
4482
4483
4484
4485
4486
4487
4488
4489
4500
4501
4502
4503
4504
4505
4506
4507
4508
4509
4520
4521
4522
4523
4524
4525
4526
4527
4528
4529
4540
4541
4542
4543
4544
4545
4546
4547
4548
4549
4560
4561
4562
4563
4564
4565
4566
4567
4568
4569
4580
4581
4582
4583
4584
4585
4586
4587
4588
4589
4800
4801
4802
4803
4804
4805
4806
4807
4808
4809
4820
4821
4822
4823
4824
4825
4826
4827
4828
4829
4840
4841
4842
4843
4844
4845
4846
4847
4848
4849
4860
4861
4862
4863
4864
4865
4866
4867
4868
4869
4880
4881
4882
4883
4884
4885
4886
4887
4888
4889
4900
4901
4902
4903
4904
4905
4906
4907
4908
4909
4920
4921
4922
4923
4924
4925
4926
4927
4928
4929
4940
4941
4942
4943
4944
4945
4946
4947
4948
4949
4960
4961
4962
4963
4964
4965
4966
4967
4968
4969
4980
4981
4982
4983
4984
4985
4986
4987
4988
4989
5200
5201
5202
5203
5204
5205
5206
5207
5208
5209
5220
5221
5222
5223
5224
5225
5226
5227
5228
5229
5240
5241
5242
5243
5244
5245
5246
5247
5248
5249
5260
5261
5262
5263
5264
5265
5266
5267
5268
5269
5280
5281
5282
5283
5284
5285
5286
5287
5288
5289
5300
5301
5302
5303
5304
5305
5306
5307
5308
5309
5320
5321
5322
5323
5324
5325
5326
5327
5328
5329
5340
5341
5342
5343
5344
5345
5346
5347
5348
5349
5360
5361
5362
5363
5364
5365
5366
5367
5368
5369
5380
5381
5382
5383
5384
5385
5386
5387
5388
5389
5600
5601
5602
5603
5604
5605
5606
5607
5608
5609
5620
5621
5622
5623
5624
5625
5626
5627
5628
5629
5640
5641
5642
5643
5644
5645
5646
5647
5648
5649
5660
5661
5662
5663
5664
5665
5666
5667
5668
5669
5680
5681
5682
5683
5684
5685
5686
5687
5688
5689
5700
5701
5702
5703
5704
5705
5706
5707
5708
5709
5720
5721
5722
5723
5724
5725
5726
5727
5728
5729
5740
5741
5742
5743
5744
5745
5746
5747
5748
5749
5760
5761
5762
5763
5764
5765
5766
5767
5768
5769
5780
5781
5782
5783
5784
5785
5786
5787
5788
5789
6000
6001
6002
6003
6004
6005
6006
6007
6008
6009
6020
6021
6022
6023
6024
6025
6026
6027
6028
6029
6040
6041
6042
6043
6044
6045
6046
6047
6048
6049
6060
6061
6062
6063
6064
6065
6066
6067
6068
6069
6080
6081
6082
6083
6084
6085
6086
6087
6088
6089
6100
6101
6102
6103
6104
6105
6106
6107
6108
6109
6120
6121
6122
6123
6124
6125
6126
6127
6128
6129
6140
6141
6142
6143
6144
6145
6146
6147
6148
6149
6160
6161
6162
6163
6164
6165
6166
6167
6168
6169
6180
6181
6182
6183
6184
6185
6186
6187
6188
6189
6400
6401
6402
6403
6404
6405
6406
6407
6408
6409
6420
6421
6422
6423
6424
6425
6426
6427
6428
6429
6440
6441
6442
6443
6444
6445
6446
6447
6448
6449
6460
6461
6462
6463
6464
6465
6466
6467
6468
6469
6480
6481
6482
6483
6484
6485
6486
6487
6488
6489
6500
6501
6502
6503
6504
6505
6506
6507
6508
6509
6520
6521
6522
6523
6524
6525
6526
6527
6528
6529
6540
6541
6542
6543
6544
6545
6546
6547
6548
6549
6560
6561
6562
6563
6564
6565
6566
6567
6568
6569
6580
6581
6582
6583
6584
6585
6586
6587
6588
6589
6800
6801
6802
6803
6804
6805
6806
6807
6808
6809
6820
6821
6822
6823
6824
6825
6826
6827
6828
6829
6840
6841
6842
6843
6844
6845
6846
6847
6848
6849
6860
6861
6862
6863
6864
6865
6866
6867
6868
6869
6880
6881
6882
6883
6884
6885
6886
6887
6888
6889
6900
6901
6902
6903
6904
6905
6906
6907
6908
6909
6920
6921
6922
6923
6924
6925
6926
6927
6928
6929
6940
6941
6942
6943
6944
6945
6946
6947
6948
6949
6960
6961
6962
6963
6964
6965
6966
6967
6968
6969
6980
6981
6982
6983
6984
6985
6986
6987
6988
6989
7200
7201
7202
7203
7204
7205
7206
7207
7208
7209
7220
7221
7222
7223
7224
7225
7226
7227
7228
7229
7240
7241
7242
7243
7244
7245
7246
7247
7248
7249
7260
7261
7262
7263
7264
7265
7266
7267
7268
7269
7280
7281
7282
7283
7284
7285
7286
7287
7288
7289
7300
7301
7302
7303
7304
7305
7306
7307
7308
7309
7320
7321
7322
7323
7324
7325
7326
7327
7328
7329
7340
7341
7342
7343
7344
7345
7346
7347
7348
7349
7360
7361
7362
7363
7364
7365
7366
7367
7368
7369
7380
7381
7382
7383
7384
7385
7386
7387
7388
7389
7600
7601
7602
7603
7604
7605
7606
7607
7608
7609
7620
7621
7622
7623
7624
7625
7626
7627
7628
7629
7640
7641
7642
7643
7644
7645
7646
7647
7648
7649
7660
7661
7662
7663
7664
7665
7666
7667
7668
7669
7680
7681
7682
7683
7684
7685
7686
7687
7688
7689
7700
7701
7702
7703
7704
7705
7706
7707
7708
7709
7720
7721
7722
7723
7724
7725
7726
7727
7728
7729
7740
7741
7742
7743
7744
7745
7746
7747
7748
7749
7760
7761
7762
7763
7764
7765
7766
7767
7768
7769
7780
7781
7782
7783
7784
7785
7786
7787
7788
7789
)


// ************************************************************************* //
