/*--------------------------------*- C++ -*----------------------------------*\
| =========                 |                                                 |
| \\      /  F ield         | OpenFOAM: The Open Source CFD Toolbox           |
|  \\    /   O peration     | Version:  4.1                                   |
|   \\  /    A nd           | Web:      www.OpenFOAM.org                      |
|    \\/     M anipulation  |                                                 |
\*---------------------------------------------------------------------------*/
FoamFile
{
    version     2.0;
    format      ascii;
    class       labelList;
    location    "constant/polyMesh";
    object      pointProcAddressing;
}
// * * * * * * * * * * * * * * * * * * * * * * * * * * * * * * * * * * * * * //


2541
(
0
1
2
3
4
5
6
7
8
9
10
21
22
23
24
25
26
27
28
29
30
31
42
43
44
45
46
47
48
49
50
51
52
63
64
65
66
67
68
69
70
71
72
73
84
85
86
87
88
89
90
91
92
93
94
105
106
107
108
109
110
111
112
113
114
115
126
127
128
129
130
131
132
133
134
135
136
147
148
149
150
151
152
153
154
155
156
157
168
169
170
171
172
173
174
175
176
177
178
189
190
191
192
193
194
195
196
197
198
199
210
211
212
213
214
215
216
217
218
219
220
441
442
443
444
445
446
447
448
449
450
451
462
463
464
465
466
467
468
469
470
471
472
483
484
485
486
487
488
489
490
491
492
493
504
505
506
507
508
509
510
511
512
513
514
525
526
527
528
529
530
531
532
533
534
535
546
547
548
549
550
551
552
553
554
555
556
567
568
569
570
571
572
573
574
575
576
577
588
589
590
591
592
593
594
595
596
597
598
609
610
611
612
613
614
615
616
617
618
619
630
631
632
633
634
635
636
637
638
639
640
651
652
653
654
655
656
657
658
659
660
661
882
883
884
885
886
887
888
889
890
891
892
903
904
905
906
907
908
909
910
911
912
913
924
925
926
927
928
929
930
931
932
933
934
945
946
947
948
949
950
951
952
953
954
955
966
967
968
969
970
971
972
973
974
975
976
987
988
989
990
991
992
993
994
995
996
997
1008
1009
1010
1011
1012
1013
1014
1015
1016
1017
1018
1029
1030
1031
1032
1033
1034
1035
1036
1037
1038
1039
1050
1051
1052
1053
1054
1055
1056
1057
1058
1059
1060
1071
1072
1073
1074
1075
1076
1077
1078
1079
1080
1081
1092
1093
1094
1095
1096
1097
1098
1099
1100
1101
1102
1323
1324
1325
1326
1327
1328
1329
1330
1331
1332
1333
1344
1345
1346
1347
1348
1349
1350
1351
1352
1353
1354
1365
1366
1367
1368
1369
1370
1371
1372
1373
1374
1375
1386
1387
1388
1389
1390
1391
1392
1393
1394
1395
1396
1407
1408
1409
1410
1411
1412
1413
1414
1415
1416
1417
1428
1429
1430
1431
1432
1433
1434
1435
1436
1437
1438
1449
1450
1451
1452
1453
1454
1455
1456
1457
1458
1459
1470
1471
1472
1473
1474
1475
1476
1477
1478
1479
1480
1491
1492
1493
1494
1495
1496
1497
1498
1499
1500
1501
1512
1513
1514
1515
1516
1517
1518
1519
1520
1521
1522
1533
1534
1535
1536
1537
1538
1539
1540
1541
1542
1543
1764
1765
1766
1767
1768
1769
1770
1771
1772
1773
1774
1785
1786
1787
1788
1789
1790
1791
1792
1793
1794
1795
1806
1807
1808
1809
1810
1811
1812
1813
1814
1815
1816
1827
1828
1829
1830
1831
1832
1833
1834
1835
1836
1837
1848
1849
1850
1851
1852
1853
1854
1855
1856
1857
1858
1869
1870
1871
1872
1873
1874
1875
1876
1877
1878
1879
1890
1891
1892
1893
1894
1895
1896
1897
1898
1899
1900
1911
1912
1913
1914
1915
1916
1917
1918
1919
1920
1921
1932
1933
1934
1935
1936
1937
1938
1939
1940
1941
1942
1953
1954
1955
1956
1957
1958
1959
1960
1961
1962
1963
1974
1975
1976
1977
1978
1979
1980
1981
1982
1983
1984
2205
2206
2207
2208
2209
2210
2211
2212
2213
2214
2215
2226
2227
2228
2229
2230
2231
2232
2233
2234
2235
2236
2247
2248
2249
2250
2251
2252
2253
2254
2255
2256
2257
2268
2269
2270
2271
2272
2273
2274
2275
2276
2277
2278
2289
2290
2291
2292
2293
2294
2295
2296
2297
2298
2299
2310
2311
2312
2313
2314
2315
2316
2317
2318
2319
2320
2331
2332
2333
2334
2335
2336
2337
2338
2339
2340
2341
2352
2353
2354
2355
2356
2357
2358
2359
2360
2361
2362
2373
2374
2375
2376
2377
2378
2379
2380
2381
2382
2383
2394
2395
2396
2397
2398
2399
2400
2401
2402
2403
2404
2415
2416
2417
2418
2419
2420
2421
2422
2423
2424
2425
2646
2647
2648
2649
2650
2651
2652
2653
2654
2655
2656
2667
2668
2669
2670
2671
2672
2673
2674
2675
2676
2677
2688
2689
2690
2691
2692
2693
2694
2695
2696
2697
2698
2709
2710
2711
2712
2713
2714
2715
2716
2717
2718
2719
2730
2731
2732
2733
2734
2735
2736
2737
2738
2739
2740
2751
2752
2753
2754
2755
2756
2757
2758
2759
2760
2761
2772
2773
2774
2775
2776
2777
2778
2779
2780
2781
2782
2793
2794
2795
2796
2797
2798
2799
2800
2801
2802
2803
2814
2815
2816
2817
2818
2819
2820
2821
2822
2823
2824
2835
2836
2837
2838
2839
2840
2841
2842
2843
2844
2845
2856
2857
2858
2859
2860
2861
2862
2863
2864
2865
2866
3087
3088
3089
3090
3091
3092
3093
3094
3095
3096
3097
3108
3109
3110
3111
3112
3113
3114
3115
3116
3117
3118
3129
3130
3131
3132
3133
3134
3135
3136
3137
3138
3139
3150
3151
3152
3153
3154
3155
3156
3157
3158
3159
3160
3171
3172
3173
3174
3175
3176
3177
3178
3179
3180
3181
3192
3193
3194
3195
3196
3197
3198
3199
3200
3201
3202
3213
3214
3215
3216
3217
3218
3219
3220
3221
3222
3223
3234
3235
3236
3237
3238
3239
3240
3241
3242
3243
3244
3255
3256
3257
3258
3259
3260
3261
3262
3263
3264
3265
3276
3277
3278
3279
3280
3281
3282
3283
3284
3285
3286
3297
3298
3299
3300
3301
3302
3303
3304
3305
3306
3307
3528
3529
3530
3531
3532
3533
3534
3535
3536
3537
3538
3549
3550
3551
3552
3553
3554
3555
3556
3557
3558
3559
3570
3571
3572
3573
3574
3575
3576
3577
3578
3579
3580
3591
3592
3593
3594
3595
3596
3597
3598
3599
3600
3601
3612
3613
3614
3615
3616
3617
3618
3619
3620
3621
3622
3633
3634
3635
3636
3637
3638
3639
3640
3641
3642
3643
3654
3655
3656
3657
3658
3659
3660
3661
3662
3663
3664
3675
3676
3677
3678
3679
3680
3681
3682
3683
3684
3685
3696
3697
3698
3699
3700
3701
3702
3703
3704
3705
3706
3717
3718
3719
3720
3721
3722
3723
3724
3725
3726
3727
3738
3739
3740
3741
3742
3743
3744
3745
3746
3747
3748
3969
3970
3971
3972
3973
3974
3975
3976
3977
3978
3979
3990
3991
3992
3993
3994
3995
3996
3997
3998
3999
4000
4011
4012
4013
4014
4015
4016
4017
4018
4019
4020
4021
4032
4033
4034
4035
4036
4037
4038
4039
4040
4041
4042
4053
4054
4055
4056
4057
4058
4059
4060
4061
4062
4063
4074
4075
4076
4077
4078
4079
4080
4081
4082
4083
4084
4095
4096
4097
4098
4099
4100
4101
4102
4103
4104
4105
4116
4117
4118
4119
4120
4121
4122
4123
4124
4125
4126
4137
4138
4139
4140
4141
4142
4143
4144
4145
4146
4147
4158
4159
4160
4161
4162
4163
4164
4165
4166
4167
4168
4179
4180
4181
4182
4183
4184
4185
4186
4187
4188
4189
4410
4411
4412
4413
4414
4415
4416
4417
4418
4419
4420
4431
4432
4433
4434
4435
4436
4437
4438
4439
4440
4441
4452
4453
4454
4455
4456
4457
4458
4459
4460
4461
4462
4473
4474
4475
4476
4477
4478
4479
4480
4481
4482
4483
4494
4495
4496
4497
4498
4499
4500
4501
4502
4503
4504
4515
4516
4517
4518
4519
4520
4521
4522
4523
4524
4525
4536
4537
4538
4539
4540
4541
4542
4543
4544
4545
4546
4557
4558
4559
4560
4561
4562
4563
4564
4565
4566
4567
4578
4579
4580
4581
4582
4583
4584
4585
4586
4587
4588
4599
4600
4601
4602
4603
4604
4605
4606
4607
4608
4609
4620
4621
4622
4623
4624
4625
4626
4627
4628
4629
4630
4851
4852
4853
4854
4855
4856
4857
4858
4859
4860
4861
4872
4873
4874
4875
4876
4877
4878
4879
4880
4881
4882
4893
4894
4895
4896
4897
4898
4899
4900
4901
4902
4903
4914
4915
4916
4917
4918
4919
4920
4921
4922
4923
4924
4935
4936
4937
4938
4939
4940
4941
4942
4943
4944
4945
4956
4957
4958
4959
4960
4961
4962
4963
4964
4965
4966
4977
4978
4979
4980
4981
4982
4983
4984
4985
4986
4987
4998
4999
5000
5001
5002
5003
5004
5005
5006
5007
5008
5019
5020
5021
5022
5023
5024
5025
5026
5027
5028
5029
5040
5041
5042
5043
5044
5045
5046
5047
5048
5049
5050
5061
5062
5063
5064
5065
5066
5067
5068
5069
5070
5071
5292
5293
5294
5295
5296
5297
5298
5299
5300
5301
5302
5313
5314
5315
5316
5317
5318
5319
5320
5321
5322
5323
5334
5335
5336
5337
5338
5339
5340
5341
5342
5343
5344
5355
5356
5357
5358
5359
5360
5361
5362
5363
5364
5365
5376
5377
5378
5379
5380
5381
5382
5383
5384
5385
5386
5397
5398
5399
5400
5401
5402
5403
5404
5405
5406
5407
5418
5419
5420
5421
5422
5423
5424
5425
5426
5427
5428
5439
5440
5441
5442
5443
5444
5445
5446
5447
5448
5449
5460
5461
5462
5463
5464
5465
5466
5467
5468
5469
5470
5481
5482
5483
5484
5485
5486
5487
5488
5489
5490
5491
5502
5503
5504
5505
5506
5507
5508
5509
5510
5511
5512
5733
5734
5735
5736
5737
5738
5739
5740
5741
5742
5743
5754
5755
5756
5757
5758
5759
5760
5761
5762
5763
5764
5775
5776
5777
5778
5779
5780
5781
5782
5783
5784
5785
5796
5797
5798
5799
5800
5801
5802
5803
5804
5805
5806
5817
5818
5819
5820
5821
5822
5823
5824
5825
5826
5827
5838
5839
5840
5841
5842
5843
5844
5845
5846
5847
5848
5859
5860
5861
5862
5863
5864
5865
5866
5867
5868
5869
5880
5881
5882
5883
5884
5885
5886
5887
5888
5889
5890
5901
5902
5903
5904
5905
5906
5907
5908
5909
5910
5911
5922
5923
5924
5925
5926
5927
5928
5929
5930
5931
5932
5943
5944
5945
5946
5947
5948
5949
5950
5951
5952
5953
6174
6175
6176
6177
6178
6179
6180
6181
6182
6183
6184
6195
6196
6197
6198
6199
6200
6201
6202
6203
6204
6205
6216
6217
6218
6219
6220
6221
6222
6223
6224
6225
6226
6237
6238
6239
6240
6241
6242
6243
6244
6245
6246
6247
6258
6259
6260
6261
6262
6263
6264
6265
6266
6267
6268
6279
6280
6281
6282
6283
6284
6285
6286
6287
6288
6289
6300
6301
6302
6303
6304
6305
6306
6307
6308
6309
6310
6321
6322
6323
6324
6325
6326
6327
6328
6329
6330
6331
6342
6343
6344
6345
6346
6347
6348
6349
6350
6351
6352
6363
6364
6365
6366
6367
6368
6369
6370
6371
6372
6373
6384
6385
6386
6387
6388
6389
6390
6391
6392
6393
6394
6615
6616
6617
6618
6619
6620
6621
6622
6623
6624
6625
6636
6637
6638
6639
6640
6641
6642
6643
6644
6645
6646
6657
6658
6659
6660
6661
6662
6663
6664
6665
6666
6667
6678
6679
6680
6681
6682
6683
6684
6685
6686
6687
6688
6699
6700
6701
6702
6703
6704
6705
6706
6707
6708
6709
6720
6721
6722
6723
6724
6725
6726
6727
6728
6729
6730
6741
6742
6743
6744
6745
6746
6747
6748
6749
6750
6751
6762
6763
6764
6765
6766
6767
6768
6769
6770
6771
6772
6783
6784
6785
6786
6787
6788
6789
6790
6791
6792
6793
6804
6805
6806
6807
6808
6809
6810
6811
6812
6813
6814
6825
6826
6827
6828
6829
6830
6831
6832
6833
6834
6835
7056
7057
7058
7059
7060
7061
7062
7063
7064
7065
7066
7077
7078
7079
7080
7081
7082
7083
7084
7085
7086
7087
7098
7099
7100
7101
7102
7103
7104
7105
7106
7107
7108
7119
7120
7121
7122
7123
7124
7125
7126
7127
7128
7129
7140
7141
7142
7143
7144
7145
7146
7147
7148
7149
7150
7161
7162
7163
7164
7165
7166
7167
7168
7169
7170
7171
7182
7183
7184
7185
7186
7187
7188
7189
7190
7191
7192
7203
7204
7205
7206
7207
7208
7209
7210
7211
7212
7213
7224
7225
7226
7227
7228
7229
7230
7231
7232
7233
7234
7245
7246
7247
7248
7249
7250
7251
7252
7253
7254
7255
7266
7267
7268
7269
7270
7271
7272
7273
7274
7275
7276
7497
7498
7499
7500
7501
7502
7503
7504
7505
7506
7507
7518
7519
7520
7521
7522
7523
7524
7525
7526
7527
7528
7539
7540
7541
7542
7543
7544
7545
7546
7547
7548
7549
7560
7561
7562
7563
7564
7565
7566
7567
7568
7569
7570
7581
7582
7583
7584
7585
7586
7587
7588
7589
7590
7591
7602
7603
7604
7605
7606
7607
7608
7609
7610
7611
7612
7623
7624
7625
7626
7627
7628
7629
7630
7631
7632
7633
7644
7645
7646
7647
7648
7649
7650
7651
7652
7653
7654
7665
7666
7667
7668
7669
7670
7671
7672
7673
7674
7675
7686
7687
7688
7689
7690
7691
7692
7693
7694
7695
7696
7707
7708
7709
7710
7711
7712
7713
7714
7715
7716
7717
7938
7939
7940
7941
7942
7943
7944
7945
7946
7947
7948
7959
7960
7961
7962
7963
7964
7965
7966
7967
7968
7969
7980
7981
7982
7983
7984
7985
7986
7987
7988
7989
7990
8001
8002
8003
8004
8005
8006
8007
8008
8009
8010
8011
8022
8023
8024
8025
8026
8027
8028
8029
8030
8031
8032
8043
8044
8045
8046
8047
8048
8049
8050
8051
8052
8053
8064
8065
8066
8067
8068
8069
8070
8071
8072
8073
8074
8085
8086
8087
8088
8089
8090
8091
8092
8093
8094
8095
8106
8107
8108
8109
8110
8111
8112
8113
8114
8115
8116
8127
8128
8129
8130
8131
8132
8133
8134
8135
8136
8137
8148
8149
8150
8151
8152
8153
8154
8155
8156
8157
8158
8379
8380
8381
8382
8383
8384
8385
8386
8387
8388
8389
8400
8401
8402
8403
8404
8405
8406
8407
8408
8409
8410
8421
8422
8423
8424
8425
8426
8427
8428
8429
8430
8431
8442
8443
8444
8445
8446
8447
8448
8449
8450
8451
8452
8463
8464
8465
8466
8467
8468
8469
8470
8471
8472
8473
8484
8485
8486
8487
8488
8489
8490
8491
8492
8493
8494
8505
8506
8507
8508
8509
8510
8511
8512
8513
8514
8515
8526
8527
8528
8529
8530
8531
8532
8533
8534
8535
8536
8547
8548
8549
8550
8551
8552
8553
8554
8555
8556
8557
8568
8569
8570
8571
8572
8573
8574
8575
8576
8577
8578
8589
8590
8591
8592
8593
8594
8595
8596
8597
8598
8599
8820
8821
8822
8823
8824
8825
8826
8827
8828
8829
8830
8841
8842
8843
8844
8845
8846
8847
8848
8849
8850
8851
8862
8863
8864
8865
8866
8867
8868
8869
8870
8871
8872
8883
8884
8885
8886
8887
8888
8889
8890
8891
8892
8893
8904
8905
8906
8907
8908
8909
8910
8911
8912
8913
8914
8925
8926
8927
8928
8929
8930
8931
8932
8933
8934
8935
8946
8947
8948
8949
8950
8951
8952
8953
8954
8955
8956
8967
8968
8969
8970
8971
8972
8973
8974
8975
8976
8977
8988
8989
8990
8991
8992
8993
8994
8995
8996
8997
8998
9009
9010
9011
9012
9013
9014
9015
9016
9017
9018
9019
9030
9031
9032
9033
9034
9035
9036
9037
9038
9039
9040
)


// ************************************************************************* //
