/*--------------------------------*- C++ -*----------------------------------*\
| =========                 |                                                 |
| \\      /  F ield         | OpenFOAM: The Open Source CFD Toolbox           |
|  \\    /   O peration     | Version:  4.1                                   |
|   \\  /    A nd           | Web:      www.OpenFOAM.org                      |
|    \\/     M anipulation  |                                                 |
\*---------------------------------------------------------------------------*/
FoamFile
{
    version     2.0;
    format      ascii;
    class       vectorField;
    location    "constant/polyMesh";
    object      points;
}
// * * * * * * * * * * * * * * * * * * * * * * * * * * * * * * * * * * * * * //


2541
(
(-600 -600 100)
(-540 -600 100)
(-480 -600 100)
(-420 -600 100)
(-360 -600 100)
(-300 -600 100)
(-240 -600 100)
(-180 -600 100)
(-120 -600 100)
(-60 -600 100)
(0 -600 100)
(-600 -558.4979665 100)
(-540 -558.4979665 100)
(-480 -558.4979665 100)
(-420 -558.4979665 100)
(-360 -558.4979665 100)
(-300 -558.4979665 100)
(-240 -558.4979665 100)
(-180 -558.4979665 100)
(-120 -558.4979665 100)
(-60 -558.4979665 100)
(0 -558.4979665 100)
(-600 -515.453923 100)
(-540 -515.453923 100)
(-480 -515.453923 100)
(-420 -515.453923 100)
(-360 -515.453923 100)
(-300 -515.453923 100)
(-240 -515.453923 100)
(-180 -515.453923 100)
(-120 -515.453923 100)
(-60 -515.453923 100)
(0 -515.453923 100)
(-600 -470.8105762 100)
(-540 -470.8105762 100)
(-480 -470.8105762 100)
(-420 -470.8105762 100)
(-360 -470.8105762 100)
(-300 -470.8105762 100)
(-240 -470.8105762 100)
(-180 -470.8105762 100)
(-120 -470.8105762 100)
(-60 -470.8105762 100)
(0 -470.8105762 100)
(-600 -424.5085039 100)
(-540 -424.5085039 100)
(-480 -424.5085039 100)
(-420 -424.5085039 100)
(-360 -424.5085039 100)
(-300 -424.5085039 100)
(-240 -424.5085039 100)
(-180 -424.5085039 100)
(-120 -424.5085039 100)
(-60 -424.5085039 100)
(0 -424.5085039 100)
(-600 -376.4860761 100)
(-540 -376.4860761 100)
(-480 -376.4860761 100)
(-420 -376.4860761 100)
(-360 -376.4860761 100)
(-300 -376.4860761 100)
(-240 -376.4860761 100)
(-180 -376.4860761 100)
(-120 -376.4860761 100)
(-60 -376.4860761 100)
(0 -376.4860761 100)
(-600 -326.6793728 100)
(-540 -326.6793728 100)
(-480 -326.6793728 100)
(-420 -326.6793728 100)
(-360 -326.6793728 100)
(-300 -326.6793728 100)
(-240 -326.6793728 100)
(-180 -326.6793728 100)
(-120 -326.6793728 100)
(-60 -326.6793728 100)
(0 -326.6793728 100)
(-600 -275.0220992 100)
(-540 -275.0220992 100)
(-480 -275.0220992 100)
(-420 -275.0220992 100)
(-360 -275.0220992 100)
(-300 -275.0220992 100)
(-240 -275.0220992 100)
(-180 -275.0220992 100)
(-120 -275.0220992 100)
(-60 -275.0220992 100)
(0 -275.0220992 100)
(-600 -221.4454973 100)
(-540 -221.4454973 100)
(-480 -221.4454973 100)
(-420 -221.4454973 100)
(-360 -221.4454973 100)
(-300 -221.4454973 100)
(-240 -221.4454973 100)
(-180 -221.4454973 100)
(-120 -221.4454973 100)
(-60 -221.4454973 100)
(0 -221.4454973 100)
(-600 -165.8782544 100)
(-540 -165.8782544 100)
(-480 -165.8782544 100)
(-420 -165.8782544 100)
(-360 -165.8782544 100)
(-300 -165.8782544 100)
(-240 -165.8782544 100)
(-180 -165.8782544 100)
(-120 -165.8782544 100)
(-60 -165.8782544 100)
(0 -165.8782544 100)
(-600 -108.2464081 100)
(-540 -108.2464081 100)
(-480 -108.2464081 100)
(-420 -108.2464081 100)
(-360 -108.2464081 100)
(-300 -108.2464081 100)
(-240 -108.2464081 100)
(-180 -108.2464081 100)
(-120 -108.2464081 100)
(-60 -108.2464081 100)
(0 -108.2464081 100)
(-600 -600 165.5760513)
(-540 -600 165.5760513)
(-480 -600 165.5760513)
(-420 -600 165.5760513)
(-360 -600 165.5760513)
(-300 -600 165.5760513)
(-240 -600 165.5760513)
(-180 -600 165.5760513)
(-120 -600 165.5760513)
(-60 -600 165.5760513)
(0 -600 165.5760513)
(-600 -558.4979665 165.5760513)
(-540 -558.4979665 165.5760513)
(-480 -558.4979665 165.5760513)
(-420 -558.4979665 165.5760513)
(-360 -558.4979665 165.5760513)
(-300 -558.4979665 165.5760513)
(-240 -558.4979665 165.5760513)
(-180 -558.4979665 165.5760513)
(-120 -558.4979665 165.5760513)
(-60 -558.4979665 165.5760513)
(0 -558.4979665 165.5760513)
(-600 -515.453923 165.5760513)
(-540 -515.453923 165.5760513)
(-480 -515.453923 165.5760513)
(-420 -515.453923 165.5760513)
(-360 -515.453923 165.5760513)
(-300 -515.453923 165.5760513)
(-240 -515.453923 165.5760513)
(-180 -515.453923 165.5760513)
(-120 -515.453923 165.5760513)
(-60 -515.453923 165.5760513)
(0 -515.453923 165.5760513)
(-600 -470.8105762 165.5760513)
(-540 -470.8105762 165.5760513)
(-480 -470.8105762 165.5760513)
(-420 -470.8105762 165.5760513)
(-360 -470.8105762 165.5760513)
(-300 -470.8105762 165.5760513)
(-240 -470.8105762 165.5760513)
(-180 -470.8105762 165.5760513)
(-120 -470.8105762 165.5760513)
(-60 -470.8105762 165.5760513)
(0 -470.8105762 165.5760513)
(-600 -424.5085039 165.5760513)
(-540 -424.5085039 165.5760513)
(-480 -424.5085039 165.5760513)
(-420 -424.5085039 165.5760513)
(-360 -424.5085039 165.5760513)
(-300 -424.5085039 165.5760513)
(-240 -424.5085039 165.5760513)
(-180 -424.5085039 165.5760513)
(-120 -424.5085039 165.5760513)
(-60 -424.5085039 165.5760513)
(0 -424.5085039 165.5760513)
(-600 -376.4860761 165.5760513)
(-540 -376.4860761 165.5760513)
(-480 -376.4860761 165.5760513)
(-420 -376.4860761 165.5760513)
(-360 -376.4860761 165.5760513)
(-300 -376.4860761 165.5760513)
(-240 -376.4860761 165.5760513)
(-180 -376.4860761 165.5760513)
(-120 -376.4860761 165.5760513)
(-60 -376.4860761 165.5760513)
(0 -376.4860761 165.5760513)
(-600 -326.6793728 165.5760513)
(-540 -326.6793728 165.5760513)
(-480 -326.6793728 165.5760513)
(-420 -326.6793728 165.5760513)
(-360 -326.6793728 165.5760513)
(-300 -326.6793728 165.5760513)
(-240 -326.6793728 165.5760513)
(-180 -326.6793728 165.5760513)
(-120 -326.6793728 165.5760513)
(-60 -326.6793728 165.5760513)
(0 -326.6793728 165.5760513)
(-600 -275.0220992 165.5760513)
(-540 -275.0220992 165.5760513)
(-480 -275.0220992 165.5760513)
(-420 -275.0220992 165.5760513)
(-360 -275.0220992 165.5760513)
(-300 -275.0220992 165.5760513)
(-240 -275.0220992 165.5760513)
(-180 -275.0220992 165.5760513)
(-120 -275.0220992 165.5760513)
(-60 -275.0220992 165.5760513)
(0 -275.0220992 165.5760513)
(-600 -221.4454973 165.5760513)
(-540 -221.4454973 165.5760513)
(-480 -221.4454973 165.5760513)
(-420 -221.4454973 165.5760513)
(-360 -221.4454973 165.5760513)
(-300 -221.4454973 165.5760513)
(-240 -221.4454973 165.5760513)
(-180 -221.4454973 165.5760513)
(-120 -221.4454973 165.5760513)
(-60 -221.4454973 165.5760513)
(0 -221.4454973 165.5760513)
(-600 -165.8782544 165.5760513)
(-540 -165.8782544 165.5760513)
(-480 -165.8782544 165.5760513)
(-420 -165.8782544 165.5760513)
(-360 -165.8782544 165.5760513)
(-300 -165.8782544 165.5760513)
(-240 -165.8782544 165.5760513)
(-180 -165.8782544 165.5760513)
(-120 -165.8782544 165.5760513)
(-60 -165.8782544 165.5760513)
(0 -165.8782544 165.5760513)
(-600 -108.2464081 165.5760513)
(-540 -108.2464081 165.5760513)
(-480 -108.2464081 165.5760513)
(-420 -108.2464081 165.5760513)
(-360 -108.2464081 165.5760513)
(-300 -108.2464081 165.5760513)
(-240 -108.2464081 165.5760513)
(-180 -108.2464081 165.5760513)
(-120 -108.2464081 165.5760513)
(-60 -108.2464081 165.5760513)
(0 -108.2464081 165.5760513)
(-600 -600 235.0555868)
(-540 -600 235.0555868)
(-480 -600 235.0555868)
(-420 -600 235.0555868)
(-360 -600 235.0555868)
(-300 -600 235.0555868)
(-240 -600 235.0555868)
(-180 -600 235.0555868)
(-120 -600 235.0555868)
(-60 -600 235.0555868)
(0 -600 235.0555868)
(-600 -558.4979665 235.0555868)
(-540 -558.4979665 235.0555868)
(-480 -558.4979665 235.0555868)
(-420 -558.4979665 235.0555868)
(-360 -558.4979665 235.0555868)
(-300 -558.4979665 235.0555868)
(-240 -558.4979665 235.0555868)
(-180 -558.4979665 235.0555868)
(-120 -558.4979665 235.0555868)
(-60 -558.4979665 235.0555868)
(0 -558.4979665 235.0555868)
(-600 -515.453923 235.0555868)
(-540 -515.453923 235.0555868)
(-480 -515.453923 235.0555868)
(-420 -515.453923 235.0555868)
(-360 -515.453923 235.0555868)
(-300 -515.453923 235.0555868)
(-240 -515.453923 235.0555868)
(-180 -515.453923 235.0555868)
(-120 -515.453923 235.0555868)
(-60 -515.453923 235.0555868)
(0 -515.453923 235.0555868)
(-600 -470.8105762 235.0555868)
(-540 -470.8105762 235.0555868)
(-480 -470.8105762 235.0555868)
(-420 -470.8105762 235.0555868)
(-360 -470.8105762 235.0555868)
(-300 -470.8105762 235.0555868)
(-240 -470.8105762 235.0555868)
(-180 -470.8105762 235.0555868)
(-120 -470.8105762 235.0555868)
(-60 -470.8105762 235.0555868)
(0 -470.8105762 235.0555868)
(-600 -424.5085039 235.0555868)
(-540 -424.5085039 235.0555868)
(-480 -424.5085039 235.0555868)
(-420 -424.5085039 235.0555868)
(-360 -424.5085039 235.0555868)
(-300 -424.5085039 235.0555868)
(-240 -424.5085039 235.0555868)
(-180 -424.5085039 235.0555868)
(-120 -424.5085039 235.0555868)
(-60 -424.5085039 235.0555868)
(0 -424.5085039 235.0555868)
(-600 -376.4860761 235.0555868)
(-540 -376.4860761 235.0555868)
(-480 -376.4860761 235.0555868)
(-420 -376.4860761 235.0555868)
(-360 -376.4860761 235.0555868)
(-300 -376.4860761 235.0555868)
(-240 -376.4860761 235.0555868)
(-180 -376.4860761 235.0555868)
(-120 -376.4860761 235.0555868)
(-60 -376.4860761 235.0555868)
(0 -376.4860761 235.0555868)
(-600 -326.6793728 235.0555868)
(-540 -326.6793728 235.0555868)
(-480 -326.6793728 235.0555868)
(-420 -326.6793728 235.0555868)
(-360 -326.6793728 235.0555868)
(-300 -326.6793728 235.0555868)
(-240 -326.6793728 235.0555868)
(-180 -326.6793728 235.0555868)
(-120 -326.6793728 235.0555868)
(-60 -326.6793728 235.0555868)
(0 -326.6793728 235.0555868)
(-600 -275.0220992 235.0555868)
(-540 -275.0220992 235.0555868)
(-480 -275.0220992 235.0555868)
(-420 -275.0220992 235.0555868)
(-360 -275.0220992 235.0555868)
(-300 -275.0220992 235.0555868)
(-240 -275.0220992 235.0555868)
(-180 -275.0220992 235.0555868)
(-120 -275.0220992 235.0555868)
(-60 -275.0220992 235.0555868)
(0 -275.0220992 235.0555868)
(-600 -221.4454973 235.0555868)
(-540 -221.4454973 235.0555868)
(-480 -221.4454973 235.0555868)
(-420 -221.4454973 235.0555868)
(-360 -221.4454973 235.0555868)
(-300 -221.4454973 235.0555868)
(-240 -221.4454973 235.0555868)
(-180 -221.4454973 235.0555868)
(-120 -221.4454973 235.0555868)
(-60 -221.4454973 235.0555868)
(0 -221.4454973 235.0555868)
(-600 -165.8782544 235.0555868)
(-540 -165.8782544 235.0555868)
(-480 -165.8782544 235.0555868)
(-420 -165.8782544 235.0555868)
(-360 -165.8782544 235.0555868)
(-300 -165.8782544 235.0555868)
(-240 -165.8782544 235.0555868)
(-180 -165.8782544 235.0555868)
(-120 -165.8782544 235.0555868)
(-60 -165.8782544 235.0555868)
(0 -165.8782544 235.0555868)
(-600 -108.2464081 235.0555868)
(-540 -108.2464081 235.0555868)
(-480 -108.2464081 235.0555868)
(-420 -108.2464081 235.0555868)
(-360 -108.2464081 235.0555868)
(-300 -108.2464081 235.0555868)
(-240 -108.2464081 235.0555868)
(-180 -108.2464081 235.0555868)
(-120 -108.2464081 235.0555868)
(-60 -108.2464081 235.0555868)
(0 -108.2464081 235.0555868)
(-600 -600 308.6709657)
(-540 -600 308.6709657)
(-480 -600 308.6709657)
(-420 -600 308.6709657)
(-360 -600 308.6709657)
(-300 -600 308.6709657)
(-240 -600 308.6709657)
(-180 -600 308.6709657)
(-120 -600 308.6709657)
(-60 -600 308.6709657)
(0 -600 308.6709657)
(-600 -558.4979665 308.6709657)
(-540 -558.4979665 308.6709657)
(-480 -558.4979665 308.6709657)
(-420 -558.4979665 308.6709657)
(-360 -558.4979665 308.6709657)
(-300 -558.4979665 308.6709657)
(-240 -558.4979665 308.6709657)
(-180 -558.4979665 308.6709657)
(-120 -558.4979665 308.6709657)
(-60 -558.4979665 308.6709657)
(0 -558.4979665 308.6709657)
(-600 -515.453923 308.6709657)
(-540 -515.453923 308.6709657)
(-480 -515.453923 308.6709657)
(-420 -515.453923 308.6709657)
(-360 -515.453923 308.6709657)
(-300 -515.453923 308.6709657)
(-240 -515.453923 308.6709657)
(-180 -515.453923 308.6709657)
(-120 -515.453923 308.6709657)
(-60 -515.453923 308.6709657)
(0 -515.453923 308.6709657)
(-600 -470.8105762 308.6709657)
(-540 -470.8105762 308.6709657)
(-480 -470.8105762 308.6709657)
(-420 -470.8105762 308.6709657)
(-360 -470.8105762 308.6709657)
(-300 -470.8105762 308.6709657)
(-240 -470.8105762 308.6709657)
(-180 -470.8105762 308.6709657)
(-120 -470.8105762 308.6709657)
(-60 -470.8105762 308.6709657)
(0 -470.8105762 308.6709657)
(-600 -424.5085039 308.6709657)
(-540 -424.5085039 308.6709657)
(-480 -424.5085039 308.6709657)
(-420 -424.5085039 308.6709657)
(-360 -424.5085039 308.6709657)
(-300 -424.5085039 308.6709657)
(-240 -424.5085039 308.6709657)
(-180 -424.5085039 308.6709657)
(-120 -424.5085039 308.6709657)
(-60 -424.5085039 308.6709657)
(0 -424.5085039 308.6709657)
(-600 -376.4860761 308.6709657)
(-540 -376.4860761 308.6709657)
(-480 -376.4860761 308.6709657)
(-420 -376.4860761 308.6709657)
(-360 -376.4860761 308.6709657)
(-300 -376.4860761 308.6709657)
(-240 -376.4860761 308.6709657)
(-180 -376.4860761 308.6709657)
(-120 -376.4860761 308.6709657)
(-60 -376.4860761 308.6709657)
(0 -376.4860761 308.6709657)
(-600 -326.6793728 308.6709657)
(-540 -326.6793728 308.6709657)
(-480 -326.6793728 308.6709657)
(-420 -326.6793728 308.6709657)
(-360 -326.6793728 308.6709657)
(-300 -326.6793728 308.6709657)
(-240 -326.6793728 308.6709657)
(-180 -326.6793728 308.6709657)
(-120 -326.6793728 308.6709657)
(-60 -326.6793728 308.6709657)
(0 -326.6793728 308.6709657)
(-600 -275.0220992 308.6709657)
(-540 -275.0220992 308.6709657)
(-480 -275.0220992 308.6709657)
(-420 -275.0220992 308.6709657)
(-360 -275.0220992 308.6709657)
(-300 -275.0220992 308.6709657)
(-240 -275.0220992 308.6709657)
(-180 -275.0220992 308.6709657)
(-120 -275.0220992 308.6709657)
(-60 -275.0220992 308.6709657)
(0 -275.0220992 308.6709657)
(-600 -221.4454973 308.6709657)
(-540 -221.4454973 308.6709657)
(-480 -221.4454973 308.6709657)
(-420 -221.4454973 308.6709657)
(-360 -221.4454973 308.6709657)
(-300 -221.4454973 308.6709657)
(-240 -221.4454973 308.6709657)
(-180 -221.4454973 308.6709657)
(-120 -221.4454973 308.6709657)
(-60 -221.4454973 308.6709657)
(0 -221.4454973 308.6709657)
(-600 -165.8782544 308.6709657)
(-540 -165.8782544 308.6709657)
(-480 -165.8782544 308.6709657)
(-420 -165.8782544 308.6709657)
(-360 -165.8782544 308.6709657)
(-300 -165.8782544 308.6709657)
(-240 -165.8782544 308.6709657)
(-180 -165.8782544 308.6709657)
(-120 -165.8782544 308.6709657)
(-60 -165.8782544 308.6709657)
(0 -165.8782544 308.6709657)
(-600 -108.2464081 308.6709657)
(-540 -108.2464081 308.6709657)
(-480 -108.2464081 308.6709657)
(-420 -108.2464081 308.6709657)
(-360 -108.2464081 308.6709657)
(-300 -108.2464081 308.6709657)
(-240 -108.2464081 308.6709657)
(-180 -108.2464081 308.6709657)
(-120 -108.2464081 308.6709657)
(-60 -108.2464081 308.6709657)
(0 -108.2464081 308.6709657)
(-600 -600 386.6683784)
(-540 -600 386.6683784)
(-480 -600 386.6683784)
(-420 -600 386.6683784)
(-360 -600 386.6683784)
(-300 -600 386.6683784)
(-240 -600 386.6683784)
(-180 -600 386.6683784)
(-120 -600 386.6683784)
(-60 -600 386.6683784)
(0 -600 386.6683784)
(-600 -558.4979665 386.6683784)
(-540 -558.4979665 386.6683784)
(-480 -558.4979665 386.6683784)
(-420 -558.4979665 386.6683784)
(-360 -558.4979665 386.6683784)
(-300 -558.4979665 386.6683784)
(-240 -558.4979665 386.6683784)
(-180 -558.4979665 386.6683784)
(-120 -558.4979665 386.6683784)
(-60 -558.4979665 386.6683784)
(0 -558.4979665 386.6683784)
(-600 -515.453923 386.6683784)
(-540 -515.453923 386.6683784)
(-480 -515.453923 386.6683784)
(-420 -515.453923 386.6683784)
(-360 -515.453923 386.6683784)
(-300 -515.453923 386.6683784)
(-240 -515.453923 386.6683784)
(-180 -515.453923 386.6683784)
(-120 -515.453923 386.6683784)
(-60 -515.453923 386.6683784)
(0 -515.453923 386.6683784)
(-600 -470.8105762 386.6683784)
(-540 -470.8105762 386.6683784)
(-480 -470.8105762 386.6683784)
(-420 -470.8105762 386.6683784)
(-360 -470.8105762 386.6683784)
(-300 -470.8105762 386.6683784)
(-240 -470.8105762 386.6683784)
(-180 -470.8105762 386.6683784)
(-120 -470.8105762 386.6683784)
(-60 -470.8105762 386.6683784)
(0 -470.8105762 386.6683784)
(-600 -424.5085039 386.6683784)
(-540 -424.5085039 386.6683784)
(-480 -424.5085039 386.6683784)
(-420 -424.5085039 386.6683784)
(-360 -424.5085039 386.6683784)
(-300 -424.5085039 386.6683784)
(-240 -424.5085039 386.6683784)
(-180 -424.5085039 386.6683784)
(-120 -424.5085039 386.6683784)
(-60 -424.5085039 386.6683784)
(0 -424.5085039 386.6683784)
(-600 -376.4860761 386.6683784)
(-540 -376.4860761 386.6683784)
(-480 -376.4860761 386.6683784)
(-420 -376.4860761 386.6683784)
(-360 -376.4860761 386.6683784)
(-300 -376.4860761 386.6683784)
(-240 -376.4860761 386.6683784)
(-180 -376.4860761 386.6683784)
(-120 -376.4860761 386.6683784)
(-60 -376.4860761 386.6683784)
(0 -376.4860761 386.6683784)
(-600 -326.6793728 386.6683784)
(-540 -326.6793728 386.6683784)
(-480 -326.6793728 386.6683784)
(-420 -326.6793728 386.6683784)
(-360 -326.6793728 386.6683784)
(-300 -326.6793728 386.6683784)
(-240 -326.6793728 386.6683784)
(-180 -326.6793728 386.6683784)
(-120 -326.6793728 386.6683784)
(-60 -326.6793728 386.6683784)
(0 -326.6793728 386.6683784)
(-600 -275.0220992 386.6683784)
(-540 -275.0220992 386.6683784)
(-480 -275.0220992 386.6683784)
(-420 -275.0220992 386.6683784)
(-360 -275.0220992 386.6683784)
(-300 -275.0220992 386.6683784)
(-240 -275.0220992 386.6683784)
(-180 -275.0220992 386.6683784)
(-120 -275.0220992 386.6683784)
(-60 -275.0220992 386.6683784)
(0 -275.0220992 386.6683784)
(-600 -221.4454973 386.6683784)
(-540 -221.4454973 386.6683784)
(-480 -221.4454973 386.6683784)
(-420 -221.4454973 386.6683784)
(-360 -221.4454973 386.6683784)
(-300 -221.4454973 386.6683784)
(-240 -221.4454973 386.6683784)
(-180 -221.4454973 386.6683784)
(-120 -221.4454973 386.6683784)
(-60 -221.4454973 386.6683784)
(0 -221.4454973 386.6683784)
(-600 -165.8782544 386.6683784)
(-540 -165.8782544 386.6683784)
(-480 -165.8782544 386.6683784)
(-420 -165.8782544 386.6683784)
(-360 -165.8782544 386.6683784)
(-300 -165.8782544 386.6683784)
(-240 -165.8782544 386.6683784)
(-180 -165.8782544 386.6683784)
(-120 -165.8782544 386.6683784)
(-60 -165.8782544 386.6683784)
(0 -165.8782544 386.6683784)
(-600 -108.2464081 386.6683784)
(-540 -108.2464081 386.6683784)
(-480 -108.2464081 386.6683784)
(-420 -108.2464081 386.6683784)
(-360 -108.2464081 386.6683784)
(-300 -108.2464081 386.6683784)
(-240 -108.2464081 386.6683784)
(-180 -108.2464081 386.6683784)
(-120 -108.2464081 386.6683784)
(-60 -108.2464081 386.6683784)
(0 -108.2464081 386.6683784)
(-600 -600 469.3086701)
(-540 -600 469.3086701)
(-480 -600 469.3086701)
(-420 -600 469.3086701)
(-360 -600 469.3086701)
(-300 -600 469.3086701)
(-240 -600 469.3086701)
(-180 -600 469.3086701)
(-120 -600 469.3086701)
(-60 -600 469.3086701)
(0 -600 469.3086701)
(-600 -558.4979665 469.3086701)
(-540 -558.4979665 469.3086701)
(-480 -558.4979665 469.3086701)
(-420 -558.4979665 469.3086701)
(-360 -558.4979665 469.3086701)
(-300 -558.4979665 469.3086701)
(-240 -558.4979665 469.3086701)
(-180 -558.4979665 469.3086701)
(-120 -558.4979665 469.3086701)
(-60 -558.4979665 469.3086701)
(0 -558.4979665 469.3086701)
(-600 -515.453923 469.3086701)
(-540 -515.453923 469.3086701)
(-480 -515.453923 469.3086701)
(-420 -515.453923 469.3086701)
(-360 -515.453923 469.3086701)
(-300 -515.453923 469.3086701)
(-240 -515.453923 469.3086701)
(-180 -515.453923 469.3086701)
(-120 -515.453923 469.3086701)
(-60 -515.453923 469.3086701)
(0 -515.453923 469.3086701)
(-600 -470.8105762 469.3086701)
(-540 -470.8105762 469.3086701)
(-480 -470.8105762 469.3086701)
(-420 -470.8105762 469.3086701)
(-360 -470.8105762 469.3086701)
(-300 -470.8105762 469.3086701)
(-240 -470.8105762 469.3086701)
(-180 -470.8105762 469.3086701)
(-120 -470.8105762 469.3086701)
(-60 -470.8105762 469.3086701)
(0 -470.8105762 469.3086701)
(-600 -424.5085039 469.3086701)
(-540 -424.5085039 469.3086701)
(-480 -424.5085039 469.3086701)
(-420 -424.5085039 469.3086701)
(-360 -424.5085039 469.3086701)
(-300 -424.5085039 469.3086701)
(-240 -424.5085039 469.3086701)
(-180 -424.5085039 469.3086701)
(-120 -424.5085039 469.3086701)
(-60 -424.5085039 469.3086701)
(0 -424.5085039 469.3086701)
(-600 -376.4860761 469.3086701)
(-540 -376.4860761 469.3086701)
(-480 -376.4860761 469.3086701)
(-420 -376.4860761 469.3086701)
(-360 -376.4860761 469.3086701)
(-300 -376.4860761 469.3086701)
(-240 -376.4860761 469.3086701)
(-180 -376.4860761 469.3086701)
(-120 -376.4860761 469.3086701)
(-60 -376.4860761 469.3086701)
(0 -376.4860761 469.3086701)
(-600 -326.6793728 469.3086701)
(-540 -326.6793728 469.3086701)
(-480 -326.6793728 469.3086701)
(-420 -326.6793728 469.3086701)
(-360 -326.6793728 469.3086701)
(-300 -326.6793728 469.3086701)
(-240 -326.6793728 469.3086701)
(-180 -326.6793728 469.3086701)
(-120 -326.6793728 469.3086701)
(-60 -326.6793728 469.3086701)
(0 -326.6793728 469.3086701)
(-600 -275.0220992 469.3086701)
(-540 -275.0220992 469.3086701)
(-480 -275.0220992 469.3086701)
(-420 -275.0220992 469.3086701)
(-360 -275.0220992 469.3086701)
(-300 -275.0220992 469.3086701)
(-240 -275.0220992 469.3086701)
(-180 -275.0220992 469.3086701)
(-120 -275.0220992 469.3086701)
(-60 -275.0220992 469.3086701)
(0 -275.0220992 469.3086701)
(-600 -221.4454973 469.3086701)
(-540 -221.4454973 469.3086701)
(-480 -221.4454973 469.3086701)
(-420 -221.4454973 469.3086701)
(-360 -221.4454973 469.3086701)
(-300 -221.4454973 469.3086701)
(-240 -221.4454973 469.3086701)
(-180 -221.4454973 469.3086701)
(-120 -221.4454973 469.3086701)
(-60 -221.4454973 469.3086701)
(0 -221.4454973 469.3086701)
(-600 -165.8782544 469.3086701)
(-540 -165.8782544 469.3086701)
(-480 -165.8782544 469.3086701)
(-420 -165.8782544 469.3086701)
(-360 -165.8782544 469.3086701)
(-300 -165.8782544 469.3086701)
(-240 -165.8782544 469.3086701)
(-180 -165.8782544 469.3086701)
(-120 -165.8782544 469.3086701)
(-60 -165.8782544 469.3086701)
(0 -165.8782544 469.3086701)
(-600 -108.2464081 469.3086701)
(-540 -108.2464081 469.3086701)
(-480 -108.2464081 469.3086701)
(-420 -108.2464081 469.3086701)
(-360 -108.2464081 469.3086701)
(-300 -108.2464081 469.3086701)
(-240 -108.2464081 469.3086701)
(-180 -108.2464081 469.3086701)
(-120 -108.2464081 469.3086701)
(-60 -108.2464081 469.3086701)
(0 -108.2464081 469.3086701)
(-600 -600 556.8682132)
(-540 -600 556.8682132)
(-480 -600 556.8682132)
(-420 -600 556.8682132)
(-360 -600 556.8682132)
(-300 -600 556.8682132)
(-240 -600 556.8682132)
(-180 -600 556.8682132)
(-120 -600 556.8682132)
(-60 -600 556.8682132)
(0 -600 556.8682132)
(-600 -558.4979665 556.8682132)
(-540 -558.4979665 556.8682132)
(-480 -558.4979665 556.8682132)
(-420 -558.4979665 556.8682132)
(-360 -558.4979665 556.8682132)
(-300 -558.4979665 556.8682132)
(-240 -558.4979665 556.8682132)
(-180 -558.4979665 556.8682132)
(-120 -558.4979665 556.8682132)
(-60 -558.4979665 556.8682132)
(0 -558.4979665 556.8682132)
(-600 -515.453923 556.8682132)
(-540 -515.453923 556.8682132)
(-480 -515.453923 556.8682132)
(-420 -515.453923 556.8682132)
(-360 -515.453923 556.8682132)
(-300 -515.453923 556.8682132)
(-240 -515.453923 556.8682132)
(-180 -515.453923 556.8682132)
(-120 -515.453923 556.8682132)
(-60 -515.453923 556.8682132)
(0 -515.453923 556.8682132)
(-600 -470.8105762 556.8682132)
(-540 -470.8105762 556.8682132)
(-480 -470.8105762 556.8682132)
(-420 -470.8105762 556.8682132)
(-360 -470.8105762 556.8682132)
(-300 -470.8105762 556.8682132)
(-240 -470.8105762 556.8682132)
(-180 -470.8105762 556.8682132)
(-120 -470.8105762 556.8682132)
(-60 -470.8105762 556.8682132)
(0 -470.8105762 556.8682132)
(-600 -424.5085039 556.8682132)
(-540 -424.5085039 556.8682132)
(-480 -424.5085039 556.8682132)
(-420 -424.5085039 556.8682132)
(-360 -424.5085039 556.8682132)
(-300 -424.5085039 556.8682132)
(-240 -424.5085039 556.8682132)
(-180 -424.5085039 556.8682132)
(-120 -424.5085039 556.8682132)
(-60 -424.5085039 556.8682132)
(0 -424.5085039 556.8682132)
(-600 -376.4860761 556.8682132)
(-540 -376.4860761 556.8682132)
(-480 -376.4860761 556.8682132)
(-420 -376.4860761 556.8682132)
(-360 -376.4860761 556.8682132)
(-300 -376.4860761 556.8682132)
(-240 -376.4860761 556.8682132)
(-180 -376.4860761 556.8682132)
(-120 -376.4860761 556.8682132)
(-60 -376.4860761 556.8682132)
(0 -376.4860761 556.8682132)
(-600 -326.6793728 556.8682132)
(-540 -326.6793728 556.8682132)
(-480 -326.6793728 556.8682132)
(-420 -326.6793728 556.8682132)
(-360 -326.6793728 556.8682132)
(-300 -326.6793728 556.8682132)
(-240 -326.6793728 556.8682132)
(-180 -326.6793728 556.8682132)
(-120 -326.6793728 556.8682132)
(-60 -326.6793728 556.8682132)
(0 -326.6793728 556.8682132)
(-600 -275.0220992 556.8682132)
(-540 -275.0220992 556.8682132)
(-480 -275.0220992 556.8682132)
(-420 -275.0220992 556.8682132)
(-360 -275.0220992 556.8682132)
(-300 -275.0220992 556.8682132)
(-240 -275.0220992 556.8682132)
(-180 -275.0220992 556.8682132)
(-120 -275.0220992 556.8682132)
(-60 -275.0220992 556.8682132)
(0 -275.0220992 556.8682132)
(-600 -221.4454973 556.8682132)
(-540 -221.4454973 556.8682132)
(-480 -221.4454973 556.8682132)
(-420 -221.4454973 556.8682132)
(-360 -221.4454973 556.8682132)
(-300 -221.4454973 556.8682132)
(-240 -221.4454973 556.8682132)
(-180 -221.4454973 556.8682132)
(-120 -221.4454973 556.8682132)
(-60 -221.4454973 556.8682132)
(0 -221.4454973 556.8682132)
(-600 -165.8782544 556.8682132)
(-540 -165.8782544 556.8682132)
(-480 -165.8782544 556.8682132)
(-420 -165.8782544 556.8682132)
(-360 -165.8782544 556.8682132)
(-300 -165.8782544 556.8682132)
(-240 -165.8782544 556.8682132)
(-180 -165.8782544 556.8682132)
(-120 -165.8782544 556.8682132)
(-60 -165.8782544 556.8682132)
(0 -165.8782544 556.8682132)
(-600 -108.2464081 556.8682132)
(-540 -108.2464081 556.8682132)
(-480 -108.2464081 556.8682132)
(-420 -108.2464081 556.8682132)
(-360 -108.2464081 556.8682132)
(-300 -108.2464081 556.8682132)
(-240 -108.2464081 556.8682132)
(-180 -108.2464081 556.8682132)
(-120 -108.2464081 556.8682132)
(-60 -108.2464081 556.8682132)
(0 -108.2464081 556.8682132)
(-600 -600 649.6398313)
(-540 -600 649.6398313)
(-480 -600 649.6398313)
(-420 -600 649.6398313)
(-360 -600 649.6398313)
(-300 -600 649.6398313)
(-240 -600 649.6398313)
(-180 -600 649.6398313)
(-120 -600 649.6398313)
(-60 -600 649.6398313)
(0 -600 649.6398313)
(-600 -558.4979665 649.6398313)
(-540 -558.4979665 649.6398313)
(-480 -558.4979665 649.6398313)
(-420 -558.4979665 649.6398313)
(-360 -558.4979665 649.6398313)
(-300 -558.4979665 649.6398313)
(-240 -558.4979665 649.6398313)
(-180 -558.4979665 649.6398313)
(-120 -558.4979665 649.6398313)
(-60 -558.4979665 649.6398313)
(0 -558.4979665 649.6398313)
(-600 -515.453923 649.6398313)
(-540 -515.453923 649.6398313)
(-480 -515.453923 649.6398313)
(-420 -515.453923 649.6398313)
(-360 -515.453923 649.6398313)
(-300 -515.453923 649.6398313)
(-240 -515.453923 649.6398313)
(-180 -515.453923 649.6398313)
(-120 -515.453923 649.6398313)
(-60 -515.453923 649.6398313)
(0 -515.453923 649.6398313)
(-600 -470.8105762 649.6398313)
(-540 -470.8105762 649.6398313)
(-480 -470.8105762 649.6398313)
(-420 -470.8105762 649.6398313)
(-360 -470.8105762 649.6398313)
(-300 -470.8105762 649.6398313)
(-240 -470.8105762 649.6398313)
(-180 -470.8105762 649.6398313)
(-120 -470.8105762 649.6398313)
(-60 -470.8105762 649.6398313)
(0 -470.8105762 649.6398313)
(-600 -424.5085039 649.6398313)
(-540 -424.5085039 649.6398313)
(-480 -424.5085039 649.6398313)
(-420 -424.5085039 649.6398313)
(-360 -424.5085039 649.6398313)
(-300 -424.5085039 649.6398313)
(-240 -424.5085039 649.6398313)
(-180 -424.5085039 649.6398313)
(-120 -424.5085039 649.6398313)
(-60 -424.5085039 649.6398313)
(0 -424.5085039 649.6398313)
(-600 -376.4860761 649.6398313)
(-540 -376.4860761 649.6398313)
(-480 -376.4860761 649.6398313)
(-420 -376.4860761 649.6398313)
(-360 -376.4860761 649.6398313)
(-300 -376.4860761 649.6398313)
(-240 -376.4860761 649.6398313)
(-180 -376.4860761 649.6398313)
(-120 -376.4860761 649.6398313)
(-60 -376.4860761 649.6398313)
(0 -376.4860761 649.6398313)
(-600 -326.6793728 649.6398313)
(-540 -326.6793728 649.6398313)
(-480 -326.6793728 649.6398313)
(-420 -326.6793728 649.6398313)
(-360 -326.6793728 649.6398313)
(-300 -326.6793728 649.6398313)
(-240 -326.6793728 649.6398313)
(-180 -326.6793728 649.6398313)
(-120 -326.6793728 649.6398313)
(-60 -326.6793728 649.6398313)
(0 -326.6793728 649.6398313)
(-600 -275.0220992 649.6398313)
(-540 -275.0220992 649.6398313)
(-480 -275.0220992 649.6398313)
(-420 -275.0220992 649.6398313)
(-360 -275.0220992 649.6398313)
(-300 -275.0220992 649.6398313)
(-240 -275.0220992 649.6398313)
(-180 -275.0220992 649.6398313)
(-120 -275.0220992 649.6398313)
(-60 -275.0220992 649.6398313)
(0 -275.0220992 649.6398313)
(-600 -221.4454973 649.6398313)
(-540 -221.4454973 649.6398313)
(-480 -221.4454973 649.6398313)
(-420 -221.4454973 649.6398313)
(-360 -221.4454973 649.6398313)
(-300 -221.4454973 649.6398313)
(-240 -221.4454973 649.6398313)
(-180 -221.4454973 649.6398313)
(-120 -221.4454973 649.6398313)
(-60 -221.4454973 649.6398313)
(0 -221.4454973 649.6398313)
(-600 -165.8782544 649.6398313)
(-540 -165.8782544 649.6398313)
(-480 -165.8782544 649.6398313)
(-420 -165.8782544 649.6398313)
(-360 -165.8782544 649.6398313)
(-300 -165.8782544 649.6398313)
(-240 -165.8782544 649.6398313)
(-180 -165.8782544 649.6398313)
(-120 -165.8782544 649.6398313)
(-60 -165.8782544 649.6398313)
(0 -165.8782544 649.6398313)
(-600 -108.2464081 649.6398313)
(-540 -108.2464081 649.6398313)
(-480 -108.2464081 649.6398313)
(-420 -108.2464081 649.6398313)
(-360 -108.2464081 649.6398313)
(-300 -108.2464081 649.6398313)
(-240 -108.2464081 649.6398313)
(-180 -108.2464081 649.6398313)
(-120 -108.2464081 649.6398313)
(-60 -108.2464081 649.6398313)
(0 -108.2464081 649.6398313)
(-600 -600 747.9337788)
(-540 -600 747.9337788)
(-480 -600 747.9337788)
(-420 -600 747.9337788)
(-360 -600 747.9337788)
(-300 -600 747.9337788)
(-240 -600 747.9337788)
(-180 -600 747.9337788)
(-120 -600 747.9337788)
(-60 -600 747.9337788)
(0 -600 747.9337788)
(-600 -558.4979665 747.9337788)
(-540 -558.4979665 747.9337788)
(-480 -558.4979665 747.9337788)
(-420 -558.4979665 747.9337788)
(-360 -558.4979665 747.9337788)
(-300 -558.4979665 747.9337788)
(-240 -558.4979665 747.9337788)
(-180 -558.4979665 747.9337788)
(-120 -558.4979665 747.9337788)
(-60 -558.4979665 747.9337788)
(0 -558.4979665 747.9337788)
(-600 -515.453923 747.9337788)
(-540 -515.453923 747.9337788)
(-480 -515.453923 747.9337788)
(-420 -515.453923 747.9337788)
(-360 -515.453923 747.9337788)
(-300 -515.453923 747.9337788)
(-240 -515.453923 747.9337788)
(-180 -515.453923 747.9337788)
(-120 -515.453923 747.9337788)
(-60 -515.453923 747.9337788)
(0 -515.453923 747.9337788)
(-600 -470.8105762 747.9337788)
(-540 -470.8105762 747.9337788)
(-480 -470.8105762 747.9337788)
(-420 -470.8105762 747.9337788)
(-360 -470.8105762 747.9337788)
(-300 -470.8105762 747.9337788)
(-240 -470.8105762 747.9337788)
(-180 -470.8105762 747.9337788)
(-120 -470.8105762 747.9337788)
(-60 -470.8105762 747.9337788)
(0 -470.8105762 747.9337788)
(-600 -424.5085039 747.9337788)
(-540 -424.5085039 747.9337788)
(-480 -424.5085039 747.9337788)
(-420 -424.5085039 747.9337788)
(-360 -424.5085039 747.9337788)
(-300 -424.5085039 747.9337788)
(-240 -424.5085039 747.9337788)
(-180 -424.5085039 747.9337788)
(-120 -424.5085039 747.9337788)
(-60 -424.5085039 747.9337788)
(0 -424.5085039 747.9337788)
(-600 -376.4860761 747.9337788)
(-540 -376.4860761 747.9337788)
(-480 -376.4860761 747.9337788)
(-420 -376.4860761 747.9337788)
(-360 -376.4860761 747.9337788)
(-300 -376.4860761 747.9337788)
(-240 -376.4860761 747.9337788)
(-180 -376.4860761 747.9337788)
(-120 -376.4860761 747.9337788)
(-60 -376.4860761 747.9337788)
(0 -376.4860761 747.9337788)
(-600 -326.6793728 747.9337788)
(-540 -326.6793728 747.9337788)
(-480 -326.6793728 747.9337788)
(-420 -326.6793728 747.9337788)
(-360 -326.6793728 747.9337788)
(-300 -326.6793728 747.9337788)
(-240 -326.6793728 747.9337788)
(-180 -326.6793728 747.9337788)
(-120 -326.6793728 747.9337788)
(-60 -326.6793728 747.9337788)
(0 -326.6793728 747.9337788)
(-600 -275.0220992 747.9337788)
(-540 -275.0220992 747.9337788)
(-480 -275.0220992 747.9337788)
(-420 -275.0220992 747.9337788)
(-360 -275.0220992 747.9337788)
(-300 -275.0220992 747.9337788)
(-240 -275.0220992 747.9337788)
(-180 -275.0220992 747.9337788)
(-120 -275.0220992 747.9337788)
(-60 -275.0220992 747.9337788)
(0 -275.0220992 747.9337788)
(-600 -221.4454973 747.9337788)
(-540 -221.4454973 747.9337788)
(-480 -221.4454973 747.9337788)
(-420 -221.4454973 747.9337788)
(-360 -221.4454973 747.9337788)
(-300 -221.4454973 747.9337788)
(-240 -221.4454973 747.9337788)
(-180 -221.4454973 747.9337788)
(-120 -221.4454973 747.9337788)
(-60 -221.4454973 747.9337788)
(0 -221.4454973 747.9337788)
(-600 -165.8782544 747.9337788)
(-540 -165.8782544 747.9337788)
(-480 -165.8782544 747.9337788)
(-420 -165.8782544 747.9337788)
(-360 -165.8782544 747.9337788)
(-300 -165.8782544 747.9337788)
(-240 -165.8782544 747.9337788)
(-180 -165.8782544 747.9337788)
(-120 -165.8782544 747.9337788)
(-60 -165.8782544 747.9337788)
(0 -165.8782544 747.9337788)
(-600 -108.2464081 747.9337788)
(-540 -108.2464081 747.9337788)
(-480 -108.2464081 747.9337788)
(-420 -108.2464081 747.9337788)
(-360 -108.2464081 747.9337788)
(-300 -108.2464081 747.9337788)
(-240 -108.2464081 747.9337788)
(-180 -108.2464081 747.9337788)
(-120 -108.2464081 747.9337788)
(-60 -108.2464081 747.9337788)
(0 -108.2464081 747.9337788)
(-600 -600 852.0787781)
(-540 -600 852.0787781)
(-480 -600 852.0787781)
(-420 -600 852.0787781)
(-360 -600 852.0787781)
(-300 -600 852.0787781)
(-240 -600 852.0787781)
(-180 -600 852.0787781)
(-120 -600 852.0787781)
(-60 -600 852.0787781)
(0 -600 852.0787781)
(-600 -558.4979665 852.0787781)
(-540 -558.4979665 852.0787781)
(-480 -558.4979665 852.0787781)
(-420 -558.4979665 852.0787781)
(-360 -558.4979665 852.0787781)
(-300 -558.4979665 852.0787781)
(-240 -558.4979665 852.0787781)
(-180 -558.4979665 852.0787781)
(-120 -558.4979665 852.0787781)
(-60 -558.4979665 852.0787781)
(0 -558.4979665 852.0787781)
(-600 -515.453923 852.0787781)
(-540 -515.453923 852.0787781)
(-480 -515.453923 852.0787781)
(-420 -515.453923 852.0787781)
(-360 -515.453923 852.0787781)
(-300 -515.453923 852.0787781)
(-240 -515.453923 852.0787781)
(-180 -515.453923 852.0787781)
(-120 -515.453923 852.0787781)
(-60 -515.453923 852.0787781)
(0 -515.453923 852.0787781)
(-600 -470.8105762 852.0787781)
(-540 -470.8105762 852.0787781)
(-480 -470.8105762 852.0787781)
(-420 -470.8105762 852.0787781)
(-360 -470.8105762 852.0787781)
(-300 -470.8105762 852.0787781)
(-240 -470.8105762 852.0787781)
(-180 -470.8105762 852.0787781)
(-120 -470.8105762 852.0787781)
(-60 -470.8105762 852.0787781)
(0 -470.8105762 852.0787781)
(-600 -424.5085039 852.0787781)
(-540 -424.5085039 852.0787781)
(-480 -424.5085039 852.0787781)
(-420 -424.5085039 852.0787781)
(-360 -424.5085039 852.0787781)
(-300 -424.5085039 852.0787781)
(-240 -424.5085039 852.0787781)
(-180 -424.5085039 852.0787781)
(-120 -424.5085039 852.0787781)
(-60 -424.5085039 852.0787781)
(0 -424.5085039 852.0787781)
(-600 -376.4860761 852.0787781)
(-540 -376.4860761 852.0787781)
(-480 -376.4860761 852.0787781)
(-420 -376.4860761 852.0787781)
(-360 -376.4860761 852.0787781)
(-300 -376.4860761 852.0787781)
(-240 -376.4860761 852.0787781)
(-180 -376.4860761 852.0787781)
(-120 -376.4860761 852.0787781)
(-60 -376.4860761 852.0787781)
(0 -376.4860761 852.0787781)
(-600 -326.6793728 852.0787781)
(-540 -326.6793728 852.0787781)
(-480 -326.6793728 852.0787781)
(-420 -326.6793728 852.0787781)
(-360 -326.6793728 852.0787781)
(-300 -326.6793728 852.0787781)
(-240 -326.6793728 852.0787781)
(-180 -326.6793728 852.0787781)
(-120 -326.6793728 852.0787781)
(-60 -326.6793728 852.0787781)
(0 -326.6793728 852.0787781)
(-600 -275.0220992 852.0787781)
(-540 -275.0220992 852.0787781)
(-480 -275.0220992 852.0787781)
(-420 -275.0220992 852.0787781)
(-360 -275.0220992 852.0787781)
(-300 -275.0220992 852.0787781)
(-240 -275.0220992 852.0787781)
(-180 -275.0220992 852.0787781)
(-120 -275.0220992 852.0787781)
(-60 -275.0220992 852.0787781)
(0 -275.0220992 852.0787781)
(-600 -221.4454973 852.0787781)
(-540 -221.4454973 852.0787781)
(-480 -221.4454973 852.0787781)
(-420 -221.4454973 852.0787781)
(-360 -221.4454973 852.0787781)
(-300 -221.4454973 852.0787781)
(-240 -221.4454973 852.0787781)
(-180 -221.4454973 852.0787781)
(-120 -221.4454973 852.0787781)
(-60 -221.4454973 852.0787781)
(0 -221.4454973 852.0787781)
(-600 -165.8782544 852.0787781)
(-540 -165.8782544 852.0787781)
(-480 -165.8782544 852.0787781)
(-420 -165.8782544 852.0787781)
(-360 -165.8782544 852.0787781)
(-300 -165.8782544 852.0787781)
(-240 -165.8782544 852.0787781)
(-180 -165.8782544 852.0787781)
(-120 -165.8782544 852.0787781)
(-60 -165.8782544 852.0787781)
(0 -165.8782544 852.0787781)
(-600 -108.2464081 852.0787781)
(-540 -108.2464081 852.0787781)
(-480 -108.2464081 852.0787781)
(-420 -108.2464081 852.0787781)
(-360 -108.2464081 852.0787781)
(-300 -108.2464081 852.0787781)
(-240 -108.2464081 852.0787781)
(-180 -108.2464081 852.0787781)
(-120 -108.2464081 852.0787781)
(-60 -108.2464081 852.0787781)
(0 -108.2464081 852.0787781)
(-600 -600 962.4231194)
(-540 -600 962.4231194)
(-480 -600 962.4231194)
(-420 -600 962.4231194)
(-360 -600 962.4231194)
(-300 -600 962.4231194)
(-240 -600 962.4231194)
(-180 -600 962.4231194)
(-120 -600 962.4231194)
(-60 -600 962.4231194)
(0 -600 962.4231194)
(-600 -558.4979665 962.4231194)
(-540 -558.4979665 962.4231194)
(-480 -558.4979665 962.4231194)
(-420 -558.4979665 962.4231194)
(-360 -558.4979665 962.4231194)
(-300 -558.4979665 962.4231194)
(-240 -558.4979665 962.4231194)
(-180 -558.4979665 962.4231194)
(-120 -558.4979665 962.4231194)
(-60 -558.4979665 962.4231194)
(0 -558.4979665 962.4231194)
(-600 -515.453923 962.4231194)
(-540 -515.453923 962.4231194)
(-480 -515.453923 962.4231194)
(-420 -515.453923 962.4231194)
(-360 -515.453923 962.4231194)
(-300 -515.453923 962.4231194)
(-240 -515.453923 962.4231194)
(-180 -515.453923 962.4231194)
(-120 -515.453923 962.4231194)
(-60 -515.453923 962.4231194)
(0 -515.453923 962.4231194)
(-600 -470.8105762 962.4231194)
(-540 -470.8105762 962.4231194)
(-480 -470.8105762 962.4231194)
(-420 -470.8105762 962.4231194)
(-360 -470.8105762 962.4231194)
(-300 -470.8105762 962.4231194)
(-240 -470.8105762 962.4231194)
(-180 -470.8105762 962.4231194)
(-120 -470.8105762 962.4231194)
(-60 -470.8105762 962.4231194)
(0 -470.8105762 962.4231194)
(-600 -424.5085039 962.4231194)
(-540 -424.5085039 962.4231194)
(-480 -424.5085039 962.4231194)
(-420 -424.5085039 962.4231194)
(-360 -424.5085039 962.4231194)
(-300 -424.5085039 962.4231194)
(-240 -424.5085039 962.4231194)
(-180 -424.5085039 962.4231194)
(-120 -424.5085039 962.4231194)
(-60 -424.5085039 962.4231194)
(0 -424.5085039 962.4231194)
(-600 -376.4860761 962.4231194)
(-540 -376.4860761 962.4231194)
(-480 -376.4860761 962.4231194)
(-420 -376.4860761 962.4231194)
(-360 -376.4860761 962.4231194)
(-300 -376.4860761 962.4231194)
(-240 -376.4860761 962.4231194)
(-180 -376.4860761 962.4231194)
(-120 -376.4860761 962.4231194)
(-60 -376.4860761 962.4231194)
(0 -376.4860761 962.4231194)
(-600 -326.6793728 962.4231194)
(-540 -326.6793728 962.4231194)
(-480 -326.6793728 962.4231194)
(-420 -326.6793728 962.4231194)
(-360 -326.6793728 962.4231194)
(-300 -326.6793728 962.4231194)
(-240 -326.6793728 962.4231194)
(-180 -326.6793728 962.4231194)
(-120 -326.6793728 962.4231194)
(-60 -326.6793728 962.4231194)
(0 -326.6793728 962.4231194)
(-600 -275.0220992 962.4231194)
(-540 -275.0220992 962.4231194)
(-480 -275.0220992 962.4231194)
(-420 -275.0220992 962.4231194)
(-360 -275.0220992 962.4231194)
(-300 -275.0220992 962.4231194)
(-240 -275.0220992 962.4231194)
(-180 -275.0220992 962.4231194)
(-120 -275.0220992 962.4231194)
(-60 -275.0220992 962.4231194)
(0 -275.0220992 962.4231194)
(-600 -221.4454973 962.4231194)
(-540 -221.4454973 962.4231194)
(-480 -221.4454973 962.4231194)
(-420 -221.4454973 962.4231194)
(-360 -221.4454973 962.4231194)
(-300 -221.4454973 962.4231194)
(-240 -221.4454973 962.4231194)
(-180 -221.4454973 962.4231194)
(-120 -221.4454973 962.4231194)
(-60 -221.4454973 962.4231194)
(0 -221.4454973 962.4231194)
(-600 -165.8782544 962.4231194)
(-540 -165.8782544 962.4231194)
(-480 -165.8782544 962.4231194)
(-420 -165.8782544 962.4231194)
(-360 -165.8782544 962.4231194)
(-300 -165.8782544 962.4231194)
(-240 -165.8782544 962.4231194)
(-180 -165.8782544 962.4231194)
(-120 -165.8782544 962.4231194)
(-60 -165.8782544 962.4231194)
(0 -165.8782544 962.4231194)
(-600 -108.2464081 962.4231194)
(-540 -108.2464081 962.4231194)
(-480 -108.2464081 962.4231194)
(-420 -108.2464081 962.4231194)
(-360 -108.2464081 962.4231194)
(-300 -108.2464081 962.4231194)
(-240 -108.2464081 962.4231194)
(-180 -108.2464081 962.4231194)
(-120 -108.2464081 962.4231194)
(-60 -108.2464081 962.4231194)
(0 -108.2464081 962.4231194)
(-600 -600 1079.335825)
(-540 -600 1079.335825)
(-480 -600 1079.335825)
(-420 -600 1079.335825)
(-360 -600 1079.335825)
(-300 -600 1079.335825)
(-240 -600 1079.335825)
(-180 -600 1079.335825)
(-120 -600 1079.335825)
(-60 -600 1079.335825)
(0 -600 1079.335825)
(-600 -558.4979665 1079.335825)
(-540 -558.4979665 1079.335825)
(-480 -558.4979665 1079.335825)
(-420 -558.4979665 1079.335825)
(-360 -558.4979665 1079.335825)
(-300 -558.4979665 1079.335825)
(-240 -558.4979665 1079.335825)
(-180 -558.4979665 1079.335825)
(-120 -558.4979665 1079.335825)
(-60 -558.4979665 1079.335825)
(0 -558.4979665 1079.335825)
(-600 -515.453923 1079.335825)
(-540 -515.453923 1079.335825)
(-480 -515.453923 1079.335825)
(-420 -515.453923 1079.335825)
(-360 -515.453923 1079.335825)
(-300 -515.453923 1079.335825)
(-240 -515.453923 1079.335825)
(-180 -515.453923 1079.335825)
(-120 -515.453923 1079.335825)
(-60 -515.453923 1079.335825)
(0 -515.453923 1079.335825)
(-600 -470.8105762 1079.335825)
(-540 -470.8105762 1079.335825)
(-480 -470.8105762 1079.335825)
(-420 -470.8105762 1079.335825)
(-360 -470.8105762 1079.335825)
(-300 -470.8105762 1079.335825)
(-240 -470.8105762 1079.335825)
(-180 -470.8105762 1079.335825)
(-120 -470.8105762 1079.335825)
(-60 -470.8105762 1079.335825)
(0 -470.8105762 1079.335825)
(-600 -424.5085039 1079.335825)
(-540 -424.5085039 1079.335825)
(-480 -424.5085039 1079.335825)
(-420 -424.5085039 1079.335825)
(-360 -424.5085039 1079.335825)
(-300 -424.5085039 1079.335825)
(-240 -424.5085039 1079.335825)
(-180 -424.5085039 1079.335825)
(-120 -424.5085039 1079.335825)
(-60 -424.5085039 1079.335825)
(0 -424.5085039 1079.335825)
(-600 -376.4860761 1079.335825)
(-540 -376.4860761 1079.335825)
(-480 -376.4860761 1079.335825)
(-420 -376.4860761 1079.335825)
(-360 -376.4860761 1079.335825)
(-300 -376.4860761 1079.335825)
(-240 -376.4860761 1079.335825)
(-180 -376.4860761 1079.335825)
(-120 -376.4860761 1079.335825)
(-60 -376.4860761 1079.335825)
(0 -376.4860761 1079.335825)
(-600 -326.6793728 1079.335825)
(-540 -326.6793728 1079.335825)
(-480 -326.6793728 1079.335825)
(-420 -326.6793728 1079.335825)
(-360 -326.6793728 1079.335825)
(-300 -326.6793728 1079.335825)
(-240 -326.6793728 1079.335825)
(-180 -326.6793728 1079.335825)
(-120 -326.6793728 1079.335825)
(-60 -326.6793728 1079.335825)
(0 -326.6793728 1079.335825)
(-600 -275.0220992 1079.335825)
(-540 -275.0220992 1079.335825)
(-480 -275.0220992 1079.335825)
(-420 -275.0220992 1079.335825)
(-360 -275.0220992 1079.335825)
(-300 -275.0220992 1079.335825)
(-240 -275.0220992 1079.335825)
(-180 -275.0220992 1079.335825)
(-120 -275.0220992 1079.335825)
(-60 -275.0220992 1079.335825)
(0 -275.0220992 1079.335825)
(-600 -221.4454973 1079.335825)
(-540 -221.4454973 1079.335825)
(-480 -221.4454973 1079.335825)
(-420 -221.4454973 1079.335825)
(-360 -221.4454973 1079.335825)
(-300 -221.4454973 1079.335825)
(-240 -221.4454973 1079.335825)
(-180 -221.4454973 1079.335825)
(-120 -221.4454973 1079.335825)
(-60 -221.4454973 1079.335825)
(0 -221.4454973 1079.335825)
(-600 -165.8782544 1079.335825)
(-540 -165.8782544 1079.335825)
(-480 -165.8782544 1079.335825)
(-420 -165.8782544 1079.335825)
(-360 -165.8782544 1079.335825)
(-300 -165.8782544 1079.335825)
(-240 -165.8782544 1079.335825)
(-180 -165.8782544 1079.335825)
(-120 -165.8782544 1079.335825)
(-60 -165.8782544 1079.335825)
(0 -165.8782544 1079.335825)
(-600 -108.2464081 1079.335825)
(-540 -108.2464081 1079.335825)
(-480 -108.2464081 1079.335825)
(-420 -108.2464081 1079.335825)
(-360 -108.2464081 1079.335825)
(-300 -108.2464081 1079.335825)
(-240 -108.2464081 1079.335825)
(-180 -108.2464081 1079.335825)
(-120 -108.2464081 1079.335825)
(-60 -108.2464081 1079.335825)
(0 -108.2464081 1079.335825)
(-600 -600 1203.207884)
(-540 -600 1203.207884)
(-480 -600 1203.207884)
(-420 -600 1203.207884)
(-360 -600 1203.207884)
(-300 -600 1203.207884)
(-240 -600 1203.207884)
(-180 -600 1203.207884)
(-120 -600 1203.207884)
(-60 -600 1203.207884)
(0 -600 1203.207884)
(-600 -558.4979665 1203.207884)
(-540 -558.4979665 1203.207884)
(-480 -558.4979665 1203.207884)
(-420 -558.4979665 1203.207884)
(-360 -558.4979665 1203.207884)
(-300 -558.4979665 1203.207884)
(-240 -558.4979665 1203.207884)
(-180 -558.4979665 1203.207884)
(-120 -558.4979665 1203.207884)
(-60 -558.4979665 1203.207884)
(0 -558.4979665 1203.207884)
(-600 -515.453923 1203.207884)
(-540 -515.453923 1203.207884)
(-480 -515.453923 1203.207884)
(-420 -515.453923 1203.207884)
(-360 -515.453923 1203.207884)
(-300 -515.453923 1203.207884)
(-240 -515.453923 1203.207884)
(-180 -515.453923 1203.207884)
(-120 -515.453923 1203.207884)
(-60 -515.453923 1203.207884)
(0 -515.453923 1203.207884)
(-600 -470.8105762 1203.207884)
(-540 -470.8105762 1203.207884)
(-480 -470.8105762 1203.207884)
(-420 -470.8105762 1203.207884)
(-360 -470.8105762 1203.207884)
(-300 -470.8105762 1203.207884)
(-240 -470.8105762 1203.207884)
(-180 -470.8105762 1203.207884)
(-120 -470.8105762 1203.207884)
(-60 -470.8105762 1203.207884)
(0 -470.8105762 1203.207884)
(-600 -424.5085039 1203.207884)
(-540 -424.5085039 1203.207884)
(-480 -424.5085039 1203.207884)
(-420 -424.5085039 1203.207884)
(-360 -424.5085039 1203.207884)
(-300 -424.5085039 1203.207884)
(-240 -424.5085039 1203.207884)
(-180 -424.5085039 1203.207884)
(-120 -424.5085039 1203.207884)
(-60 -424.5085039 1203.207884)
(0 -424.5085039 1203.207884)
(-600 -376.4860761 1203.207884)
(-540 -376.4860761 1203.207884)
(-480 -376.4860761 1203.207884)
(-420 -376.4860761 1203.207884)
(-360 -376.4860761 1203.207884)
(-300 -376.4860761 1203.207884)
(-240 -376.4860761 1203.207884)
(-180 -376.4860761 1203.207884)
(-120 -376.4860761 1203.207884)
(-60 -376.4860761 1203.207884)
(0 -376.4860761 1203.207884)
(-600 -326.6793728 1203.207884)
(-540 -326.6793728 1203.207884)
(-480 -326.6793728 1203.207884)
(-420 -326.6793728 1203.207884)
(-360 -326.6793728 1203.207884)
(-300 -326.6793728 1203.207884)
(-240 -326.6793728 1203.207884)
(-180 -326.6793728 1203.207884)
(-120 -326.6793728 1203.207884)
(-60 -326.6793728 1203.207884)
(0 -326.6793728 1203.207884)
(-600 -275.0220992 1203.207884)
(-540 -275.0220992 1203.207884)
(-480 -275.0220992 1203.207884)
(-420 -275.0220992 1203.207884)
(-360 -275.0220992 1203.207884)
(-300 -275.0220992 1203.207884)
(-240 -275.0220992 1203.207884)
(-180 -275.0220992 1203.207884)
(-120 -275.0220992 1203.207884)
(-60 -275.0220992 1203.207884)
(0 -275.0220992 1203.207884)
(-600 -221.4454973 1203.207884)
(-540 -221.4454973 1203.207884)
(-480 -221.4454973 1203.207884)
(-420 -221.4454973 1203.207884)
(-360 -221.4454973 1203.207884)
(-300 -221.4454973 1203.207884)
(-240 -221.4454973 1203.207884)
(-180 -221.4454973 1203.207884)
(-120 -221.4454973 1203.207884)
(-60 -221.4454973 1203.207884)
(0 -221.4454973 1203.207884)
(-600 -165.8782544 1203.207884)
(-540 -165.8782544 1203.207884)
(-480 -165.8782544 1203.207884)
(-420 -165.8782544 1203.207884)
(-360 -165.8782544 1203.207884)
(-300 -165.8782544 1203.207884)
(-240 -165.8782544 1203.207884)
(-180 -165.8782544 1203.207884)
(-120 -165.8782544 1203.207884)
(-60 -165.8782544 1203.207884)
(0 -165.8782544 1203.207884)
(-600 -108.2464081 1203.207884)
(-540 -108.2464081 1203.207884)
(-480 -108.2464081 1203.207884)
(-420 -108.2464081 1203.207884)
(-360 -108.2464081 1203.207884)
(-300 -108.2464081 1203.207884)
(-240 -108.2464081 1203.207884)
(-180 -108.2464081 1203.207884)
(-120 -108.2464081 1203.207884)
(-60 -108.2464081 1203.207884)
(0 -108.2464081 1203.207884)
(-600 -600 1334.453559)
(-540 -600 1334.453559)
(-480 -600 1334.453559)
(-420 -600 1334.453559)
(-360 -600 1334.453559)
(-300 -600 1334.453559)
(-240 -600 1334.453559)
(-180 -600 1334.453559)
(-120 -600 1334.453559)
(-60 -600 1334.453559)
(0 -600 1334.453559)
(-600 -558.4979665 1334.453559)
(-540 -558.4979665 1334.453559)
(-480 -558.4979665 1334.453559)
(-420 -558.4979665 1334.453559)
(-360 -558.4979665 1334.453559)
(-300 -558.4979665 1334.453559)
(-240 -558.4979665 1334.453559)
(-180 -558.4979665 1334.453559)
(-120 -558.4979665 1334.453559)
(-60 -558.4979665 1334.453559)
(0 -558.4979665 1334.453559)
(-600 -515.453923 1334.453559)
(-540 -515.453923 1334.453559)
(-480 -515.453923 1334.453559)
(-420 -515.453923 1334.453559)
(-360 -515.453923 1334.453559)
(-300 -515.453923 1334.453559)
(-240 -515.453923 1334.453559)
(-180 -515.453923 1334.453559)
(-120 -515.453923 1334.453559)
(-60 -515.453923 1334.453559)
(0 -515.453923 1334.453559)
(-600 -470.8105762 1334.453559)
(-540 -470.8105762 1334.453559)
(-480 -470.8105762 1334.453559)
(-420 -470.8105762 1334.453559)
(-360 -470.8105762 1334.453559)
(-300 -470.8105762 1334.453559)
(-240 -470.8105762 1334.453559)
(-180 -470.8105762 1334.453559)
(-120 -470.8105762 1334.453559)
(-60 -470.8105762 1334.453559)
(0 -470.8105762 1334.453559)
(-600 -424.5085039 1334.453559)
(-540 -424.5085039 1334.453559)
(-480 -424.5085039 1334.453559)
(-420 -424.5085039 1334.453559)
(-360 -424.5085039 1334.453559)
(-300 -424.5085039 1334.453559)
(-240 -424.5085039 1334.453559)
(-180 -424.5085039 1334.453559)
(-120 -424.5085039 1334.453559)
(-60 -424.5085039 1334.453559)
(0 -424.5085039 1334.453559)
(-600 -376.4860761 1334.453559)
(-540 -376.4860761 1334.453559)
(-480 -376.4860761 1334.453559)
(-420 -376.4860761 1334.453559)
(-360 -376.4860761 1334.453559)
(-300 -376.4860761 1334.453559)
(-240 -376.4860761 1334.453559)
(-180 -376.4860761 1334.453559)
(-120 -376.4860761 1334.453559)
(-60 -376.4860761 1334.453559)
(0 -376.4860761 1334.453559)
(-600 -326.6793728 1334.453559)
(-540 -326.6793728 1334.453559)
(-480 -326.6793728 1334.453559)
(-420 -326.6793728 1334.453559)
(-360 -326.6793728 1334.453559)
(-300 -326.6793728 1334.453559)
(-240 -326.6793728 1334.453559)
(-180 -326.6793728 1334.453559)
(-120 -326.6793728 1334.453559)
(-60 -326.6793728 1334.453559)
(0 -326.6793728 1334.453559)
(-600 -275.0220992 1334.453559)
(-540 -275.0220992 1334.453559)
(-480 -275.0220992 1334.453559)
(-420 -275.0220992 1334.453559)
(-360 -275.0220992 1334.453559)
(-300 -275.0220992 1334.453559)
(-240 -275.0220992 1334.453559)
(-180 -275.0220992 1334.453559)
(-120 -275.0220992 1334.453559)
(-60 -275.0220992 1334.453559)
(0 -275.0220992 1334.453559)
(-600 -221.4454973 1334.453559)
(-540 -221.4454973 1334.453559)
(-480 -221.4454973 1334.453559)
(-420 -221.4454973 1334.453559)
(-360 -221.4454973 1334.453559)
(-300 -221.4454973 1334.453559)
(-240 -221.4454973 1334.453559)
(-180 -221.4454973 1334.453559)
(-120 -221.4454973 1334.453559)
(-60 -221.4454973 1334.453559)
(0 -221.4454973 1334.453559)
(-600 -165.8782544 1334.453559)
(-540 -165.8782544 1334.453559)
(-480 -165.8782544 1334.453559)
(-420 -165.8782544 1334.453559)
(-360 -165.8782544 1334.453559)
(-300 -165.8782544 1334.453559)
(-240 -165.8782544 1334.453559)
(-180 -165.8782544 1334.453559)
(-120 -165.8782544 1334.453559)
(-60 -165.8782544 1334.453559)
(0 -165.8782544 1334.453559)
(-600 -108.2464081 1334.453559)
(-540 -108.2464081 1334.453559)
(-480 -108.2464081 1334.453559)
(-420 -108.2464081 1334.453559)
(-360 -108.2464081 1334.453559)
(-300 -108.2464081 1334.453559)
(-240 -108.2464081 1334.453559)
(-180 -108.2464081 1334.453559)
(-120 -108.2464081 1334.453559)
(-60 -108.2464081 1334.453559)
(0 -108.2464081 1334.453559)
(-600 -600 1473.511773)
(-540 -600 1473.511773)
(-480 -600 1473.511773)
(-420 -600 1473.511773)
(-360 -600 1473.511773)
(-300 -600 1473.511773)
(-240 -600 1473.511773)
(-180 -600 1473.511773)
(-120 -600 1473.511773)
(-60 -600 1473.511773)
(0 -600 1473.511773)
(-600 -558.4979665 1473.511773)
(-540 -558.4979665 1473.511773)
(-480 -558.4979665 1473.511773)
(-420 -558.4979665 1473.511773)
(-360 -558.4979665 1473.511773)
(-300 -558.4979665 1473.511773)
(-240 -558.4979665 1473.511773)
(-180 -558.4979665 1473.511773)
(-120 -558.4979665 1473.511773)
(-60 -558.4979665 1473.511773)
(0 -558.4979665 1473.511773)
(-600 -515.453923 1473.511773)
(-540 -515.453923 1473.511773)
(-480 -515.453923 1473.511773)
(-420 -515.453923 1473.511773)
(-360 -515.453923 1473.511773)
(-300 -515.453923 1473.511773)
(-240 -515.453923 1473.511773)
(-180 -515.453923 1473.511773)
(-120 -515.453923 1473.511773)
(-60 -515.453923 1473.511773)
(0 -515.453923 1473.511773)
(-600 -470.8105762 1473.511773)
(-540 -470.8105762 1473.511773)
(-480 -470.8105762 1473.511773)
(-420 -470.8105762 1473.511773)
(-360 -470.8105762 1473.511773)
(-300 -470.8105762 1473.511773)
(-240 -470.8105762 1473.511773)
(-180 -470.8105762 1473.511773)
(-120 -470.8105762 1473.511773)
(-60 -470.8105762 1473.511773)
(0 -470.8105762 1473.511773)
(-600 -424.5085039 1473.511773)
(-540 -424.5085039 1473.511773)
(-480 -424.5085039 1473.511773)
(-420 -424.5085039 1473.511773)
(-360 -424.5085039 1473.511773)
(-300 -424.5085039 1473.511773)
(-240 -424.5085039 1473.511773)
(-180 -424.5085039 1473.511773)
(-120 -424.5085039 1473.511773)
(-60 -424.5085039 1473.511773)
(0 -424.5085039 1473.511773)
(-600 -376.4860761 1473.511773)
(-540 -376.4860761 1473.511773)
(-480 -376.4860761 1473.511773)
(-420 -376.4860761 1473.511773)
(-360 -376.4860761 1473.511773)
(-300 -376.4860761 1473.511773)
(-240 -376.4860761 1473.511773)
(-180 -376.4860761 1473.511773)
(-120 -376.4860761 1473.511773)
(-60 -376.4860761 1473.511773)
(0 -376.4860761 1473.511773)
(-600 -326.6793728 1473.511773)
(-540 -326.6793728 1473.511773)
(-480 -326.6793728 1473.511773)
(-420 -326.6793728 1473.511773)
(-360 -326.6793728 1473.511773)
(-300 -326.6793728 1473.511773)
(-240 -326.6793728 1473.511773)
(-180 -326.6793728 1473.511773)
(-120 -326.6793728 1473.511773)
(-60 -326.6793728 1473.511773)
(0 -326.6793728 1473.511773)
(-600 -275.0220992 1473.511773)
(-540 -275.0220992 1473.511773)
(-480 -275.0220992 1473.511773)
(-420 -275.0220992 1473.511773)
(-360 -275.0220992 1473.511773)
(-300 -275.0220992 1473.511773)
(-240 -275.0220992 1473.511773)
(-180 -275.0220992 1473.511773)
(-120 -275.0220992 1473.511773)
(-60 -275.0220992 1473.511773)
(0 -275.0220992 1473.511773)
(-600 -221.4454973 1473.511773)
(-540 -221.4454973 1473.511773)
(-480 -221.4454973 1473.511773)
(-420 -221.4454973 1473.511773)
(-360 -221.4454973 1473.511773)
(-300 -221.4454973 1473.511773)
(-240 -221.4454973 1473.511773)
(-180 -221.4454973 1473.511773)
(-120 -221.4454973 1473.511773)
(-60 -221.4454973 1473.511773)
(0 -221.4454973 1473.511773)
(-600 -165.8782544 1473.511773)
(-540 -165.8782544 1473.511773)
(-480 -165.8782544 1473.511773)
(-420 -165.8782544 1473.511773)
(-360 -165.8782544 1473.511773)
(-300 -165.8782544 1473.511773)
(-240 -165.8782544 1473.511773)
(-180 -165.8782544 1473.511773)
(-120 -165.8782544 1473.511773)
(-60 -165.8782544 1473.511773)
(0 -165.8782544 1473.511773)
(-600 -108.2464081 1473.511773)
(-540 -108.2464081 1473.511773)
(-480 -108.2464081 1473.511773)
(-420 -108.2464081 1473.511773)
(-360 -108.2464081 1473.511773)
(-300 -108.2464081 1473.511773)
(-240 -108.2464081 1473.511773)
(-180 -108.2464081 1473.511773)
(-120 -108.2464081 1473.511773)
(-60 -108.2464081 1473.511773)
(0 -108.2464081 1473.511773)
(-600 -600 1620.847575)
(-540 -600 1620.847575)
(-480 -600 1620.847575)
(-420 -600 1620.847575)
(-360 -600 1620.847575)
(-300 -600 1620.847575)
(-240 -600 1620.847575)
(-180 -600 1620.847575)
(-120 -600 1620.847575)
(-60 -600 1620.847575)
(0 -600 1620.847575)
(-600 -558.4979665 1620.847575)
(-540 -558.4979665 1620.847575)
(-480 -558.4979665 1620.847575)
(-420 -558.4979665 1620.847575)
(-360 -558.4979665 1620.847575)
(-300 -558.4979665 1620.847575)
(-240 -558.4979665 1620.847575)
(-180 -558.4979665 1620.847575)
(-120 -558.4979665 1620.847575)
(-60 -558.4979665 1620.847575)
(0 -558.4979665 1620.847575)
(-600 -515.453923 1620.847575)
(-540 -515.453923 1620.847575)
(-480 -515.453923 1620.847575)
(-420 -515.453923 1620.847575)
(-360 -515.453923 1620.847575)
(-300 -515.453923 1620.847575)
(-240 -515.453923 1620.847575)
(-180 -515.453923 1620.847575)
(-120 -515.453923 1620.847575)
(-60 -515.453923 1620.847575)
(0 -515.453923 1620.847575)
(-600 -470.8105762 1620.847575)
(-540 -470.8105762 1620.847575)
(-480 -470.8105762 1620.847575)
(-420 -470.8105762 1620.847575)
(-360 -470.8105762 1620.847575)
(-300 -470.8105762 1620.847575)
(-240 -470.8105762 1620.847575)
(-180 -470.8105762 1620.847575)
(-120 -470.8105762 1620.847575)
(-60 -470.8105762 1620.847575)
(0 -470.8105762 1620.847575)
(-600 -424.5085039 1620.847575)
(-540 -424.5085039 1620.847575)
(-480 -424.5085039 1620.847575)
(-420 -424.5085039 1620.847575)
(-360 -424.5085039 1620.847575)
(-300 -424.5085039 1620.847575)
(-240 -424.5085039 1620.847575)
(-180 -424.5085039 1620.847575)
(-120 -424.5085039 1620.847575)
(-60 -424.5085039 1620.847575)
(0 -424.5085039 1620.847575)
(-600 -376.4860761 1620.847575)
(-540 -376.4860761 1620.847575)
(-480 -376.4860761 1620.847575)
(-420 -376.4860761 1620.847575)
(-360 -376.4860761 1620.847575)
(-300 -376.4860761 1620.847575)
(-240 -376.4860761 1620.847575)
(-180 -376.4860761 1620.847575)
(-120 -376.4860761 1620.847575)
(-60 -376.4860761 1620.847575)
(0 -376.4860761 1620.847575)
(-600 -326.6793728 1620.847575)
(-540 -326.6793728 1620.847575)
(-480 -326.6793728 1620.847575)
(-420 -326.6793728 1620.847575)
(-360 -326.6793728 1620.847575)
(-300 -326.6793728 1620.847575)
(-240 -326.6793728 1620.847575)
(-180 -326.6793728 1620.847575)
(-120 -326.6793728 1620.847575)
(-60 -326.6793728 1620.847575)
(0 -326.6793728 1620.847575)
(-600 -275.0220992 1620.847575)
(-540 -275.0220992 1620.847575)
(-480 -275.0220992 1620.847575)
(-420 -275.0220992 1620.847575)
(-360 -275.0220992 1620.847575)
(-300 -275.0220992 1620.847575)
(-240 -275.0220992 1620.847575)
(-180 -275.0220992 1620.847575)
(-120 -275.0220992 1620.847575)
(-60 -275.0220992 1620.847575)
(0 -275.0220992 1620.847575)
(-600 -221.4454973 1620.847575)
(-540 -221.4454973 1620.847575)
(-480 -221.4454973 1620.847575)
(-420 -221.4454973 1620.847575)
(-360 -221.4454973 1620.847575)
(-300 -221.4454973 1620.847575)
(-240 -221.4454973 1620.847575)
(-180 -221.4454973 1620.847575)
(-120 -221.4454973 1620.847575)
(-60 -221.4454973 1620.847575)
(0 -221.4454973 1620.847575)
(-600 -165.8782544 1620.847575)
(-540 -165.8782544 1620.847575)
(-480 -165.8782544 1620.847575)
(-420 -165.8782544 1620.847575)
(-360 -165.8782544 1620.847575)
(-300 -165.8782544 1620.847575)
(-240 -165.8782544 1620.847575)
(-180 -165.8782544 1620.847575)
(-120 -165.8782544 1620.847575)
(-60 -165.8782544 1620.847575)
(0 -165.8782544 1620.847575)
(-600 -108.2464081 1620.847575)
(-540 -108.2464081 1620.847575)
(-480 -108.2464081 1620.847575)
(-420 -108.2464081 1620.847575)
(-360 -108.2464081 1620.847575)
(-300 -108.2464081 1620.847575)
(-240 -108.2464081 1620.847575)
(-180 -108.2464081 1620.847575)
(-120 -108.2464081 1620.847575)
(-60 -108.2464081 1620.847575)
(0 -108.2464081 1620.847575)
(-600 -600 1776.953698)
(-540 -600 1776.953698)
(-480 -600 1776.953698)
(-420 -600 1776.953698)
(-360 -600 1776.953698)
(-300 -600 1776.953698)
(-240 -600 1776.953698)
(-180 -600 1776.953698)
(-120 -600 1776.953698)
(-60 -600 1776.953698)
(0 -600 1776.953698)
(-600 -558.4979665 1776.953698)
(-540 -558.4979665 1776.953698)
(-480 -558.4979665 1776.953698)
(-420 -558.4979665 1776.953698)
(-360 -558.4979665 1776.953698)
(-300 -558.4979665 1776.953698)
(-240 -558.4979665 1776.953698)
(-180 -558.4979665 1776.953698)
(-120 -558.4979665 1776.953698)
(-60 -558.4979665 1776.953698)
(0 -558.4979665 1776.953698)
(-600 -515.453923 1776.953698)
(-540 -515.453923 1776.953698)
(-480 -515.453923 1776.953698)
(-420 -515.453923 1776.953698)
(-360 -515.453923 1776.953698)
(-300 -515.453923 1776.953698)
(-240 -515.453923 1776.953698)
(-180 -515.453923 1776.953698)
(-120 -515.453923 1776.953698)
(-60 -515.453923 1776.953698)
(0 -515.453923 1776.953698)
(-600 -470.8105762 1776.953698)
(-540 -470.8105762 1776.953698)
(-480 -470.8105762 1776.953698)
(-420 -470.8105762 1776.953698)
(-360 -470.8105762 1776.953698)
(-300 -470.8105762 1776.953698)
(-240 -470.8105762 1776.953698)
(-180 -470.8105762 1776.953698)
(-120 -470.8105762 1776.953698)
(-60 -470.8105762 1776.953698)
(0 -470.8105762 1776.953698)
(-600 -424.5085039 1776.953698)
(-540 -424.5085039 1776.953698)
(-480 -424.5085039 1776.953698)
(-420 -424.5085039 1776.953698)
(-360 -424.5085039 1776.953698)
(-300 -424.5085039 1776.953698)
(-240 -424.5085039 1776.953698)
(-180 -424.5085039 1776.953698)
(-120 -424.5085039 1776.953698)
(-60 -424.5085039 1776.953698)
(0 -424.5085039 1776.953698)
(-600 -376.4860761 1776.953698)
(-540 -376.4860761 1776.953698)
(-480 -376.4860761 1776.953698)
(-420 -376.4860761 1776.953698)
(-360 -376.4860761 1776.953698)
(-300 -376.4860761 1776.953698)
(-240 -376.4860761 1776.953698)
(-180 -376.4860761 1776.953698)
(-120 -376.4860761 1776.953698)
(-60 -376.4860761 1776.953698)
(0 -376.4860761 1776.953698)
(-600 -326.6793728 1776.953698)
(-540 -326.6793728 1776.953698)
(-480 -326.6793728 1776.953698)
(-420 -326.6793728 1776.953698)
(-360 -326.6793728 1776.953698)
(-300 -326.6793728 1776.953698)
(-240 -326.6793728 1776.953698)
(-180 -326.6793728 1776.953698)
(-120 -326.6793728 1776.953698)
(-60 -326.6793728 1776.953698)
(0 -326.6793728 1776.953698)
(-600 -275.0220992 1776.953698)
(-540 -275.0220992 1776.953698)
(-480 -275.0220992 1776.953698)
(-420 -275.0220992 1776.953698)
(-360 -275.0220992 1776.953698)
(-300 -275.0220992 1776.953698)
(-240 -275.0220992 1776.953698)
(-180 -275.0220992 1776.953698)
(-120 -275.0220992 1776.953698)
(-60 -275.0220992 1776.953698)
(0 -275.0220992 1776.953698)
(-600 -221.4454973 1776.953698)
(-540 -221.4454973 1776.953698)
(-480 -221.4454973 1776.953698)
(-420 -221.4454973 1776.953698)
(-360 -221.4454973 1776.953698)
(-300 -221.4454973 1776.953698)
(-240 -221.4454973 1776.953698)
(-180 -221.4454973 1776.953698)
(-120 -221.4454973 1776.953698)
(-60 -221.4454973 1776.953698)
(0 -221.4454973 1776.953698)
(-600 -165.8782544 1776.953698)
(-540 -165.8782544 1776.953698)
(-480 -165.8782544 1776.953698)
(-420 -165.8782544 1776.953698)
(-360 -165.8782544 1776.953698)
(-300 -165.8782544 1776.953698)
(-240 -165.8782544 1776.953698)
(-180 -165.8782544 1776.953698)
(-120 -165.8782544 1776.953698)
(-60 -165.8782544 1776.953698)
(0 -165.8782544 1776.953698)
(-600 -108.2464081 1776.953698)
(-540 -108.2464081 1776.953698)
(-480 -108.2464081 1776.953698)
(-420 -108.2464081 1776.953698)
(-360 -108.2464081 1776.953698)
(-300 -108.2464081 1776.953698)
(-240 -108.2464081 1776.953698)
(-180 -108.2464081 1776.953698)
(-120 -108.2464081 1776.953698)
(-60 -108.2464081 1776.953698)
(0 -108.2464081 1776.953698)
(-600 -600 1942.352203)
(-540 -600 1942.352203)
(-480 -600 1942.352203)
(-420 -600 1942.352203)
(-360 -600 1942.352203)
(-300 -600 1942.352203)
(-240 -600 1942.352203)
(-180 -600 1942.352203)
(-120 -600 1942.352203)
(-60 -600 1942.352203)
(0 -600 1942.352203)
(-600 -558.4979665 1942.352203)
(-540 -558.4979665 1942.352203)
(-480 -558.4979665 1942.352203)
(-420 -558.4979665 1942.352203)
(-360 -558.4979665 1942.352203)
(-300 -558.4979665 1942.352203)
(-240 -558.4979665 1942.352203)
(-180 -558.4979665 1942.352203)
(-120 -558.4979665 1942.352203)
(-60 -558.4979665 1942.352203)
(0 -558.4979665 1942.352203)
(-600 -515.453923 1942.352203)
(-540 -515.453923 1942.352203)
(-480 -515.453923 1942.352203)
(-420 -515.453923 1942.352203)
(-360 -515.453923 1942.352203)
(-300 -515.453923 1942.352203)
(-240 -515.453923 1942.352203)
(-180 -515.453923 1942.352203)
(-120 -515.453923 1942.352203)
(-60 -515.453923 1942.352203)
(0 -515.453923 1942.352203)
(-600 -470.8105762 1942.352203)
(-540 -470.8105762 1942.352203)
(-480 -470.8105762 1942.352203)
(-420 -470.8105762 1942.352203)
(-360 -470.8105762 1942.352203)
(-300 -470.8105762 1942.352203)
(-240 -470.8105762 1942.352203)
(-180 -470.8105762 1942.352203)
(-120 -470.8105762 1942.352203)
(-60 -470.8105762 1942.352203)
(0 -470.8105762 1942.352203)
(-600 -424.5085039 1942.352203)
(-540 -424.5085039 1942.352203)
(-480 -424.5085039 1942.352203)
(-420 -424.5085039 1942.352203)
(-360 -424.5085039 1942.352203)
(-300 -424.5085039 1942.352203)
(-240 -424.5085039 1942.352203)
(-180 -424.5085039 1942.352203)
(-120 -424.5085039 1942.352203)
(-60 -424.5085039 1942.352203)
(0 -424.5085039 1942.352203)
(-600 -376.4860761 1942.352203)
(-540 -376.4860761 1942.352203)
(-480 -376.4860761 1942.352203)
(-420 -376.4860761 1942.352203)
(-360 -376.4860761 1942.352203)
(-300 -376.4860761 1942.352203)
(-240 -376.4860761 1942.352203)
(-180 -376.4860761 1942.352203)
(-120 -376.4860761 1942.352203)
(-60 -376.4860761 1942.352203)
(0 -376.4860761 1942.352203)
(-600 -326.6793728 1942.352203)
(-540 -326.6793728 1942.352203)
(-480 -326.6793728 1942.352203)
(-420 -326.6793728 1942.352203)
(-360 -326.6793728 1942.352203)
(-300 -326.6793728 1942.352203)
(-240 -326.6793728 1942.352203)
(-180 -326.6793728 1942.352203)
(-120 -326.6793728 1942.352203)
(-60 -326.6793728 1942.352203)
(0 -326.6793728 1942.352203)
(-600 -275.0220992 1942.352203)
(-540 -275.0220992 1942.352203)
(-480 -275.0220992 1942.352203)
(-420 -275.0220992 1942.352203)
(-360 -275.0220992 1942.352203)
(-300 -275.0220992 1942.352203)
(-240 -275.0220992 1942.352203)
(-180 -275.0220992 1942.352203)
(-120 -275.0220992 1942.352203)
(-60 -275.0220992 1942.352203)
(0 -275.0220992 1942.352203)
(-600 -221.4454973 1942.352203)
(-540 -221.4454973 1942.352203)
(-480 -221.4454973 1942.352203)
(-420 -221.4454973 1942.352203)
(-360 -221.4454973 1942.352203)
(-300 -221.4454973 1942.352203)
(-240 -221.4454973 1942.352203)
(-180 -221.4454973 1942.352203)
(-120 -221.4454973 1942.352203)
(-60 -221.4454973 1942.352203)
(0 -221.4454973 1942.352203)
(-600 -165.8782544 1942.352203)
(-540 -165.8782544 1942.352203)
(-480 -165.8782544 1942.352203)
(-420 -165.8782544 1942.352203)
(-360 -165.8782544 1942.352203)
(-300 -165.8782544 1942.352203)
(-240 -165.8782544 1942.352203)
(-180 -165.8782544 1942.352203)
(-120 -165.8782544 1942.352203)
(-60 -165.8782544 1942.352203)
(0 -165.8782544 1942.352203)
(-600 -108.2464081 1942.352203)
(-540 -108.2464081 1942.352203)
(-480 -108.2464081 1942.352203)
(-420 -108.2464081 1942.352203)
(-360 -108.2464081 1942.352203)
(-300 -108.2464081 1942.352203)
(-240 -108.2464081 1942.352203)
(-180 -108.2464081 1942.352203)
(-120 -108.2464081 1942.352203)
(-60 -108.2464081 1942.352203)
(0 -108.2464081 1942.352203)
(-600 -600 2117.596231)
(-540 -600 2117.596231)
(-480 -600 2117.596231)
(-420 -600 2117.596231)
(-360 -600 2117.596231)
(-300 -600 2117.596231)
(-240 -600 2117.596231)
(-180 -600 2117.596231)
(-120 -600 2117.596231)
(-60 -600 2117.596231)
(0 -600 2117.596231)
(-600 -558.4979665 2117.596231)
(-540 -558.4979665 2117.596231)
(-480 -558.4979665 2117.596231)
(-420 -558.4979665 2117.596231)
(-360 -558.4979665 2117.596231)
(-300 -558.4979665 2117.596231)
(-240 -558.4979665 2117.596231)
(-180 -558.4979665 2117.596231)
(-120 -558.4979665 2117.596231)
(-60 -558.4979665 2117.596231)
(0 -558.4979665 2117.596231)
(-600 -515.453923 2117.596231)
(-540 -515.453923 2117.596231)
(-480 -515.453923 2117.596231)
(-420 -515.453923 2117.596231)
(-360 -515.453923 2117.596231)
(-300 -515.453923 2117.596231)
(-240 -515.453923 2117.596231)
(-180 -515.453923 2117.596231)
(-120 -515.453923 2117.596231)
(-60 -515.453923 2117.596231)
(0 -515.453923 2117.596231)
(-600 -470.8105762 2117.596231)
(-540 -470.8105762 2117.596231)
(-480 -470.8105762 2117.596231)
(-420 -470.8105762 2117.596231)
(-360 -470.8105762 2117.596231)
(-300 -470.8105762 2117.596231)
(-240 -470.8105762 2117.596231)
(-180 -470.8105762 2117.596231)
(-120 -470.8105762 2117.596231)
(-60 -470.8105762 2117.596231)
(0 -470.8105762 2117.596231)
(-600 -424.5085039 2117.596231)
(-540 -424.5085039 2117.596231)
(-480 -424.5085039 2117.596231)
(-420 -424.5085039 2117.596231)
(-360 -424.5085039 2117.596231)
(-300 -424.5085039 2117.596231)
(-240 -424.5085039 2117.596231)
(-180 -424.5085039 2117.596231)
(-120 -424.5085039 2117.596231)
(-60 -424.5085039 2117.596231)
(0 -424.5085039 2117.596231)
(-600 -376.4860761 2117.596231)
(-540 -376.4860761 2117.596231)
(-480 -376.4860761 2117.596231)
(-420 -376.4860761 2117.596231)
(-360 -376.4860761 2117.596231)
(-300 -376.4860761 2117.596231)
(-240 -376.4860761 2117.596231)
(-180 -376.4860761 2117.596231)
(-120 -376.4860761 2117.596231)
(-60 -376.4860761 2117.596231)
(0 -376.4860761 2117.596231)
(-600 -326.6793728 2117.596231)
(-540 -326.6793728 2117.596231)
(-480 -326.6793728 2117.596231)
(-420 -326.6793728 2117.596231)
(-360 -326.6793728 2117.596231)
(-300 -326.6793728 2117.596231)
(-240 -326.6793728 2117.596231)
(-180 -326.6793728 2117.596231)
(-120 -326.6793728 2117.596231)
(-60 -326.6793728 2117.596231)
(0 -326.6793728 2117.596231)
(-600 -275.0220992 2117.596231)
(-540 -275.0220992 2117.596231)
(-480 -275.0220992 2117.596231)
(-420 -275.0220992 2117.596231)
(-360 -275.0220992 2117.596231)
(-300 -275.0220992 2117.596231)
(-240 -275.0220992 2117.596231)
(-180 -275.0220992 2117.596231)
(-120 -275.0220992 2117.596231)
(-60 -275.0220992 2117.596231)
(0 -275.0220992 2117.596231)
(-600 -221.4454973 2117.596231)
(-540 -221.4454973 2117.596231)
(-480 -221.4454973 2117.596231)
(-420 -221.4454973 2117.596231)
(-360 -221.4454973 2117.596231)
(-300 -221.4454973 2117.596231)
(-240 -221.4454973 2117.596231)
(-180 -221.4454973 2117.596231)
(-120 -221.4454973 2117.596231)
(-60 -221.4454973 2117.596231)
(0 -221.4454973 2117.596231)
(-600 -165.8782544 2117.596231)
(-540 -165.8782544 2117.596231)
(-480 -165.8782544 2117.596231)
(-420 -165.8782544 2117.596231)
(-360 -165.8782544 2117.596231)
(-300 -165.8782544 2117.596231)
(-240 -165.8782544 2117.596231)
(-180 -165.8782544 2117.596231)
(-120 -165.8782544 2117.596231)
(-60 -165.8782544 2117.596231)
(0 -165.8782544 2117.596231)
(-600 -108.2464081 2117.596231)
(-540 -108.2464081 2117.596231)
(-480 -108.2464081 2117.596231)
(-420 -108.2464081 2117.596231)
(-360 -108.2464081 2117.596231)
(-300 -108.2464081 2117.596231)
(-240 -108.2464081 2117.596231)
(-180 -108.2464081 2117.596231)
(-120 -108.2464081 2117.596231)
(-60 -108.2464081 2117.596231)
(0 -108.2464081 2117.596231)
(-600 -600 2303.271846)
(-540 -600 2303.271846)
(-480 -600 2303.271846)
(-420 -600 2303.271846)
(-360 -600 2303.271846)
(-300 -600 2303.271846)
(-240 -600 2303.271846)
(-180 -600 2303.271846)
(-120 -600 2303.271846)
(-60 -600 2303.271846)
(0 -600 2303.271846)
(-600 -558.4979665 2303.271846)
(-540 -558.4979665 2303.271846)
(-480 -558.4979665 2303.271846)
(-420 -558.4979665 2303.271846)
(-360 -558.4979665 2303.271846)
(-300 -558.4979665 2303.271846)
(-240 -558.4979665 2303.271846)
(-180 -558.4979665 2303.271846)
(-120 -558.4979665 2303.271846)
(-60 -558.4979665 2303.271846)
(0 -558.4979665 2303.271846)
(-600 -515.453923 2303.271846)
(-540 -515.453923 2303.271846)
(-480 -515.453923 2303.271846)
(-420 -515.453923 2303.271846)
(-360 -515.453923 2303.271846)
(-300 -515.453923 2303.271846)
(-240 -515.453923 2303.271846)
(-180 -515.453923 2303.271846)
(-120 -515.453923 2303.271846)
(-60 -515.453923 2303.271846)
(0 -515.453923 2303.271846)
(-600 -470.8105762 2303.271846)
(-540 -470.8105762 2303.271846)
(-480 -470.8105762 2303.271846)
(-420 -470.8105762 2303.271846)
(-360 -470.8105762 2303.271846)
(-300 -470.8105762 2303.271846)
(-240 -470.8105762 2303.271846)
(-180 -470.8105762 2303.271846)
(-120 -470.8105762 2303.271846)
(-60 -470.8105762 2303.271846)
(0 -470.8105762 2303.271846)
(-600 -424.5085039 2303.271846)
(-540 -424.5085039 2303.271846)
(-480 -424.5085039 2303.271846)
(-420 -424.5085039 2303.271846)
(-360 -424.5085039 2303.271846)
(-300 -424.5085039 2303.271846)
(-240 -424.5085039 2303.271846)
(-180 -424.5085039 2303.271846)
(-120 -424.5085039 2303.271846)
(-60 -424.5085039 2303.271846)
(0 -424.5085039 2303.271846)
(-600 -376.4860761 2303.271846)
(-540 -376.4860761 2303.271846)
(-480 -376.4860761 2303.271846)
(-420 -376.4860761 2303.271846)
(-360 -376.4860761 2303.271846)
(-300 -376.4860761 2303.271846)
(-240 -376.4860761 2303.271846)
(-180 -376.4860761 2303.271846)
(-120 -376.4860761 2303.271846)
(-60 -376.4860761 2303.271846)
(0 -376.4860761 2303.271846)
(-600 -326.6793728 2303.271846)
(-540 -326.6793728 2303.271846)
(-480 -326.6793728 2303.271846)
(-420 -326.6793728 2303.271846)
(-360 -326.6793728 2303.271846)
(-300 -326.6793728 2303.271846)
(-240 -326.6793728 2303.271846)
(-180 -326.6793728 2303.271846)
(-120 -326.6793728 2303.271846)
(-60 -326.6793728 2303.271846)
(0 -326.6793728 2303.271846)
(-600 -275.0220992 2303.271846)
(-540 -275.0220992 2303.271846)
(-480 -275.0220992 2303.271846)
(-420 -275.0220992 2303.271846)
(-360 -275.0220992 2303.271846)
(-300 -275.0220992 2303.271846)
(-240 -275.0220992 2303.271846)
(-180 -275.0220992 2303.271846)
(-120 -275.0220992 2303.271846)
(-60 -275.0220992 2303.271846)
(0 -275.0220992 2303.271846)
(-600 -221.4454973 2303.271846)
(-540 -221.4454973 2303.271846)
(-480 -221.4454973 2303.271846)
(-420 -221.4454973 2303.271846)
(-360 -221.4454973 2303.271846)
(-300 -221.4454973 2303.271846)
(-240 -221.4454973 2303.271846)
(-180 -221.4454973 2303.271846)
(-120 -221.4454973 2303.271846)
(-60 -221.4454973 2303.271846)
(0 -221.4454973 2303.271846)
(-600 -165.8782544 2303.271846)
(-540 -165.8782544 2303.271846)
(-480 -165.8782544 2303.271846)
(-420 -165.8782544 2303.271846)
(-360 -165.8782544 2303.271846)
(-300 -165.8782544 2303.271846)
(-240 -165.8782544 2303.271846)
(-180 -165.8782544 2303.271846)
(-120 -165.8782544 2303.271846)
(-60 -165.8782544 2303.271846)
(0 -165.8782544 2303.271846)
(-600 -108.2464081 2303.271846)
(-540 -108.2464081 2303.271846)
(-480 -108.2464081 2303.271846)
(-420 -108.2464081 2303.271846)
(-360 -108.2464081 2303.271846)
(-300 -108.2464081 2303.271846)
(-240 -108.2464081 2303.271846)
(-180 -108.2464081 2303.271846)
(-120 -108.2464081 2303.271846)
(-60 -108.2464081 2303.271846)
(0 -108.2464081 2303.271846)
(-600 -600 2500)
(-540 -600 2500)
(-480 -600 2500)
(-420 -600 2500)
(-360 -600 2500)
(-300 -600 2500)
(-240 -600 2500)
(-180 -600 2500)
(-120 -600 2500)
(-60 -600 2500)
(0 -600 2500)
(-600 -558.4979665 2500)
(-540 -558.4979665 2500)
(-480 -558.4979665 2500)
(-420 -558.4979665 2500)
(-360 -558.4979665 2500)
(-300 -558.4979665 2500)
(-240 -558.4979665 2500)
(-180 -558.4979665 2500)
(-120 -558.4979665 2500)
(-60 -558.4979665 2500)
(0 -558.4979665 2500)
(-600 -515.453923 2500)
(-540 -515.453923 2500)
(-480 -515.453923 2500)
(-420 -515.453923 2500)
(-360 -515.453923 2500)
(-300 -515.453923 2500)
(-240 -515.453923 2500)
(-180 -515.453923 2500)
(-120 -515.453923 2500)
(-60 -515.453923 2500)
(0 -515.453923 2500)
(-600 -470.8105762 2500)
(-540 -470.8105762 2500)
(-480 -470.8105762 2500)
(-420 -470.8105762 2500)
(-360 -470.8105762 2500)
(-300 -470.8105762 2500)
(-240 -470.8105762 2500)
(-180 -470.8105762 2500)
(-120 -470.8105762 2500)
(-60 -470.8105762 2500)
(0 -470.8105762 2500)
(-600 -424.5085039 2500)
(-540 -424.5085039 2500)
(-480 -424.5085039 2500)
(-420 -424.5085039 2500)
(-360 -424.5085039 2500)
(-300 -424.5085039 2500)
(-240 -424.5085039 2500)
(-180 -424.5085039 2500)
(-120 -424.5085039 2500)
(-60 -424.5085039 2500)
(0 -424.5085039 2500)
(-600 -376.4860761 2500)
(-540 -376.4860761 2500)
(-480 -376.4860761 2500)
(-420 -376.4860761 2500)
(-360 -376.4860761 2500)
(-300 -376.4860761 2500)
(-240 -376.4860761 2500)
(-180 -376.4860761 2500)
(-120 -376.4860761 2500)
(-60 -376.4860761 2500)
(0 -376.4860761 2500)
(-600 -326.6793728 2500)
(-540 -326.6793728 2500)
(-480 -326.6793728 2500)
(-420 -326.6793728 2500)
(-360 -326.6793728 2500)
(-300 -326.6793728 2500)
(-240 -326.6793728 2500)
(-180 -326.6793728 2500)
(-120 -326.6793728 2500)
(-60 -326.6793728 2500)
(0 -326.6793728 2500)
(-600 -275.0220992 2500)
(-540 -275.0220992 2500)
(-480 -275.0220992 2500)
(-420 -275.0220992 2500)
(-360 -275.0220992 2500)
(-300 -275.0220992 2500)
(-240 -275.0220992 2500)
(-180 -275.0220992 2500)
(-120 -275.0220992 2500)
(-60 -275.0220992 2500)
(0 -275.0220992 2500)
(-600 -221.4454973 2500)
(-540 -221.4454973 2500)
(-480 -221.4454973 2500)
(-420 -221.4454973 2500)
(-360 -221.4454973 2500)
(-300 -221.4454973 2500)
(-240 -221.4454973 2500)
(-180 -221.4454973 2500)
(-120 -221.4454973 2500)
(-60 -221.4454973 2500)
(0 -221.4454973 2500)
(-600 -165.8782544 2500)
(-540 -165.8782544 2500)
(-480 -165.8782544 2500)
(-420 -165.8782544 2500)
(-360 -165.8782544 2500)
(-300 -165.8782544 2500)
(-240 -165.8782544 2500)
(-180 -165.8782544 2500)
(-120 -165.8782544 2500)
(-60 -165.8782544 2500)
(0 -165.8782544 2500)
(-600 -108.2464081 2500)
(-540 -108.2464081 2500)
(-480 -108.2464081 2500)
(-420 -108.2464081 2500)
(-360 -108.2464081 2500)
(-300 -108.2464081 2500)
(-240 -108.2464081 2500)
(-180 -108.2464081 2500)
(-120 -108.2464081 2500)
(-60 -108.2464081 2500)
(0 -108.2464081 2500)
)


// ************************************************************************* //
