/*--------------------------------*- C++ -*----------------------------------*\
| =========                 |                                                 |
| \\      /  F ield         | OpenFOAM: The Open Source CFD Toolbox           |
|  \\    /   O peration     | Version:  4.1                                   |
|   \\  /    A nd           | Web:      www.OpenFOAM.org                      |
|    \\/     M anipulation  |                                                 |
\*---------------------------------------------------------------------------*/
FoamFile
{
    version     2.0;
    format      ascii;
    class       faceSet;
    location    "3/polyMesh/sets";
    object      layerFaces;
}
// * * * * * * * * * * * * * * * * * * * * * * * * * * * * * * * * * * * * * //


432
(
64514 
64517 
64520 
64525 
64528 
64531 
64536 
64539 
64542 
64547 
64550 
64553 
64558 
64563 
64568 
64577 
64580 
64583 
64588 
64592 
64596 
64603 
64607 
64611 
64618 
64620 
64622 
64625 
64628 
64631 
64636 
64638 
64640 
64643 
64646 
64649 
64654 
64659 
64664 
64673 
64677 
64681 
64688 
64691 
64694 
64699 
64702 
64705 
64710 
64713 
64716 
64721 
64724 
64727 
64732 
64735 
64738 
64743 
64745 
64747 
64750 
64753 
64756 
64761 
64763 
64765 
64768 
64773 
64778 
64787 
64790 
64793 
64798 
64801 
64804 
64809 
64813 
64817 
64824 
64826 
64828 
64831 
64833 
64835 
64838 
64840 
64842 
64845 
64848 
64851 
64856 
64861 
64866 
64875 
64879 
64883 
64890 
64893 
64896 
64901 
64904 
64907 
64912 
64915 
64918 
64923 
64926 
64929 
64934 
64937 
64940 
64945 
64947 
64949 
64952 
64955 
64958 
64963 
64965 
64967 
64970 
64975 
63954 
64980 
63958 
63962 
64989 
64992 
63969 
64995 
63973 
65000 
63977 
65003 
65006 
63984 
65011 
63989 
65015 
63994 
65019 
65026 
64003 
65028 
65030 
64008 
65033 
65035 
64013 
65037 
65040 
65042 
65044 
64022 
65047 
64026 
65050 
65053 
64030 
65058 
64037 
65063 
64041 
65068 
64045 
64052 
65077 
65080 
64057 
65083 
64062 
65088 
65091 
65094 
64071 
65099 
64076 
65102 
64081 
65105 
65110 
65112 
64090 
65114 
65117 
64094 
65119 
65121 
64098 
65124 
65126 
65128 
64105 
65131 
64109 
65133 
65135 
64113 
65138 
65141 
64120 
65144 
64123 
65149 
64126 
65152 
64131 
65155 
64134 
65160 
64137 
65162 
65164 
64142 
65167 
65168 
65169 
64146 
65170 
65171 
65172 
65173 
64150 
65174 
65175 
65176 
65179 
64157 
65182 
64161 
65187 
64165 
65190 
65193 
64172 
65198 
64175 
65200 
64178 
65202 
65205 
65206 
64183 
65207 
65208 
65209 
65210 
64187 
65211 
65212 
65213 
65214 
64191 
65217 
65220 
64198 
64201 
65225 
65227 
64204 
65229 
65232 
64209 
65234 
64212 
65236 
64215 
65239 
65240 
65241 
65242 
65243 
64220 
65244 
65245 
64224 
65248 
65251 
64228 
65256 
64235 
65259 
65262 
64239 
64243 
65267 
65268 
65269 
65270 
65272 
64250 
65274 
64253 
65277 
65278 
65279 
64256 
65280 
65281 
65282 
65283 
64261 
65286 
64265 
65289 
64269 
65294 
65296 
65298 
64276 
65301 
64279 
65303 
65305 
64282 
65308 
65309 
65310 
64287 
65311 
65312 
65313 
64290 
65314 
64293 
65317 
65320 
64298 
65325 
64303 
65328 
65331 
64308 
65336 
65337 
65338 
65339 
64317 
65341 
65343 
64321 
65346 
65347 
65348 
64325 
65349 
65350 
65351 
65352 
65355 
64332 
65358 
64336 
65363 
64340 
65365 
65367 
65370 
64347 
65372 
64350 
65374 
64353 
65377 
65378 
65379 
65380 
65381 
64358 
65382 
65383 
64362 
65386 
65389 
64366 
65394 
64373 
65397 
65400 
64376 
64379 
65405 
65406 
65407 
65408 
64384 
65409 
65410 
65411 
64387 
65412 
65413 
64390 
64395 
64398 
64401 
64406 
64409 
64412 
64417 
64420 
64423 
64428 
64433 
65459 
64438 
65468 
64447 
65475 
64451 
64455 
65480 
65486 
64462 
64466 
65491 
65494 
64470 
65499 
64477 
65502 
64480 
65505 
65506 
64483 
65509 
64488 
64492 
64496 
64503 
64506 
64509 
)

// ************************************************************************* //
