/*--------------------------------*- C++ -*----------------------------------*\
| =========                 |                                                 |
| \\      /  F ield         | OpenFOAM: The Open Source CFD Toolbox           |
|  \\    /   O peration     | Version:  4.1                                   |
|   \\  /    A nd           | Web:      www.OpenFOAM.org                      |
|    \\/     M anipulation  |                                                 |
\*---------------------------------------------------------------------------*/
FoamFile
{
    version     2.0;
    format      ascii;
    class       labelList;
    location    "constant/polyMesh";
    object      cellProcAddressing;
}
// * * * * * * * * * * * * * * * * * * * * * * * * * * * * * * * * * * * * * //


2000
(
10
11
12
13
14
15
16
17
18
19
30
31
32
33
34
35
36
37
38
39
50
51
52
53
54
55
56
57
58
59
70
71
72
73
74
75
76
77
78
79
90
91
92
93
94
95
96
97
98
99
110
111
112
113
114
115
116
117
118
119
130
131
132
133
134
135
136
137
138
139
150
151
152
153
154
155
156
157
158
159
170
171
172
173
174
175
176
177
178
179
190
191
192
193
194
195
196
197
198
199
410
411
412
413
414
415
416
417
418
419
430
431
432
433
434
435
436
437
438
439
450
451
452
453
454
455
456
457
458
459
470
471
472
473
474
475
476
477
478
479
490
491
492
493
494
495
496
497
498
499
510
511
512
513
514
515
516
517
518
519
530
531
532
533
534
535
536
537
538
539
550
551
552
553
554
555
556
557
558
559
570
571
572
573
574
575
576
577
578
579
590
591
592
593
594
595
596
597
598
599
810
811
812
813
814
815
816
817
818
819
830
831
832
833
834
835
836
837
838
839
850
851
852
853
854
855
856
857
858
859
870
871
872
873
874
875
876
877
878
879
890
891
892
893
894
895
896
897
898
899
910
911
912
913
914
915
916
917
918
919
930
931
932
933
934
935
936
937
938
939
950
951
952
953
954
955
956
957
958
959
970
971
972
973
974
975
976
977
978
979
990
991
992
993
994
995
996
997
998
999
1210
1211
1212
1213
1214
1215
1216
1217
1218
1219
1230
1231
1232
1233
1234
1235
1236
1237
1238
1239
1250
1251
1252
1253
1254
1255
1256
1257
1258
1259
1270
1271
1272
1273
1274
1275
1276
1277
1278
1279
1290
1291
1292
1293
1294
1295
1296
1297
1298
1299
1310
1311
1312
1313
1314
1315
1316
1317
1318
1319
1330
1331
1332
1333
1334
1335
1336
1337
1338
1339
1350
1351
1352
1353
1354
1355
1356
1357
1358
1359
1370
1371
1372
1373
1374
1375
1376
1377
1378
1379
1390
1391
1392
1393
1394
1395
1396
1397
1398
1399
1610
1611
1612
1613
1614
1615
1616
1617
1618
1619
1630
1631
1632
1633
1634
1635
1636
1637
1638
1639
1650
1651
1652
1653
1654
1655
1656
1657
1658
1659
1670
1671
1672
1673
1674
1675
1676
1677
1678
1679
1690
1691
1692
1693
1694
1695
1696
1697
1698
1699
1710
1711
1712
1713
1714
1715
1716
1717
1718
1719
1730
1731
1732
1733
1734
1735
1736
1737
1738
1739
1750
1751
1752
1753
1754
1755
1756
1757
1758
1759
1770
1771
1772
1773
1774
1775
1776
1777
1778
1779
1790
1791
1792
1793
1794
1795
1796
1797
1798
1799
2010
2011
2012
2013
2014
2015
2016
2017
2018
2019
2030
2031
2032
2033
2034
2035
2036
2037
2038
2039
2050
2051
2052
2053
2054
2055
2056
2057
2058
2059
2070
2071
2072
2073
2074
2075
2076
2077
2078
2079
2090
2091
2092
2093
2094
2095
2096
2097
2098
2099
2110
2111
2112
2113
2114
2115
2116
2117
2118
2119
2130
2131
2132
2133
2134
2135
2136
2137
2138
2139
2150
2151
2152
2153
2154
2155
2156
2157
2158
2159
2170
2171
2172
2173
2174
2175
2176
2177
2178
2179
2190
2191
2192
2193
2194
2195
2196
2197
2198
2199
2410
2411
2412
2413
2414
2415
2416
2417
2418
2419
2430
2431
2432
2433
2434
2435
2436
2437
2438
2439
2450
2451
2452
2453
2454
2455
2456
2457
2458
2459
2470
2471
2472
2473
2474
2475
2476
2477
2478
2479
2490
2491
2492
2493
2494
2495
2496
2497
2498
2499
2510
2511
2512
2513
2514
2515
2516
2517
2518
2519
2530
2531
2532
2533
2534
2535
2536
2537
2538
2539
2550
2551
2552
2553
2554
2555
2556
2557
2558
2559
2570
2571
2572
2573
2574
2575
2576
2577
2578
2579
2590
2591
2592
2593
2594
2595
2596
2597
2598
2599
2810
2811
2812
2813
2814
2815
2816
2817
2818
2819
2830
2831
2832
2833
2834
2835
2836
2837
2838
2839
2850
2851
2852
2853
2854
2855
2856
2857
2858
2859
2870
2871
2872
2873
2874
2875
2876
2877
2878
2879
2890
2891
2892
2893
2894
2895
2896
2897
2898
2899
2910
2911
2912
2913
2914
2915
2916
2917
2918
2919
2930
2931
2932
2933
2934
2935
2936
2937
2938
2939
2950
2951
2952
2953
2954
2955
2956
2957
2958
2959
2970
2971
2972
2973
2974
2975
2976
2977
2978
2979
2990
2991
2992
2993
2994
2995
2996
2997
2998
2999
3210
3211
3212
3213
3214
3215
3216
3217
3218
3219
3230
3231
3232
3233
3234
3235
3236
3237
3238
3239
3250
3251
3252
3253
3254
3255
3256
3257
3258
3259
3270
3271
3272
3273
3274
3275
3276
3277
3278
3279
3290
3291
3292
3293
3294
3295
3296
3297
3298
3299
3310
3311
3312
3313
3314
3315
3316
3317
3318
3319
3330
3331
3332
3333
3334
3335
3336
3337
3338
3339
3350
3351
3352
3353
3354
3355
3356
3357
3358
3359
3370
3371
3372
3373
3374
3375
3376
3377
3378
3379
3390
3391
3392
3393
3394
3395
3396
3397
3398
3399
3610
3611
3612
3613
3614
3615
3616
3617
3618
3619
3630
3631
3632
3633
3634
3635
3636
3637
3638
3639
3650
3651
3652
3653
3654
3655
3656
3657
3658
3659
3670
3671
3672
3673
3674
3675
3676
3677
3678
3679
3690
3691
3692
3693
3694
3695
3696
3697
3698
3699
3710
3711
3712
3713
3714
3715
3716
3717
3718
3719
3730
3731
3732
3733
3734
3735
3736
3737
3738
3739
3750
3751
3752
3753
3754
3755
3756
3757
3758
3759
3770
3771
3772
3773
3774
3775
3776
3777
3778
3779
3790
3791
3792
3793
3794
3795
3796
3797
3798
3799
4010
4011
4012
4013
4014
4015
4016
4017
4018
4019
4030
4031
4032
4033
4034
4035
4036
4037
4038
4039
4050
4051
4052
4053
4054
4055
4056
4057
4058
4059
4070
4071
4072
4073
4074
4075
4076
4077
4078
4079
4090
4091
4092
4093
4094
4095
4096
4097
4098
4099
4110
4111
4112
4113
4114
4115
4116
4117
4118
4119
4130
4131
4132
4133
4134
4135
4136
4137
4138
4139
4150
4151
4152
4153
4154
4155
4156
4157
4158
4159
4170
4171
4172
4173
4174
4175
4176
4177
4178
4179
4190
4191
4192
4193
4194
4195
4196
4197
4198
4199
4410
4411
4412
4413
4414
4415
4416
4417
4418
4419
4430
4431
4432
4433
4434
4435
4436
4437
4438
4439
4450
4451
4452
4453
4454
4455
4456
4457
4458
4459
4470
4471
4472
4473
4474
4475
4476
4477
4478
4479
4490
4491
4492
4493
4494
4495
4496
4497
4498
4499
4510
4511
4512
4513
4514
4515
4516
4517
4518
4519
4530
4531
4532
4533
4534
4535
4536
4537
4538
4539
4550
4551
4552
4553
4554
4555
4556
4557
4558
4559
4570
4571
4572
4573
4574
4575
4576
4577
4578
4579
4590
4591
4592
4593
4594
4595
4596
4597
4598
4599
4810
4811
4812
4813
4814
4815
4816
4817
4818
4819
4830
4831
4832
4833
4834
4835
4836
4837
4838
4839
4850
4851
4852
4853
4854
4855
4856
4857
4858
4859
4870
4871
4872
4873
4874
4875
4876
4877
4878
4879
4890
4891
4892
4893
4894
4895
4896
4897
4898
4899
4910
4911
4912
4913
4914
4915
4916
4917
4918
4919
4930
4931
4932
4933
4934
4935
4936
4937
4938
4939
4950
4951
4952
4953
4954
4955
4956
4957
4958
4959
4970
4971
4972
4973
4974
4975
4976
4977
4978
4979
4990
4991
4992
4993
4994
4995
4996
4997
4998
4999
5210
5211
5212
5213
5214
5215
5216
5217
5218
5219
5230
5231
5232
5233
5234
5235
5236
5237
5238
5239
5250
5251
5252
5253
5254
5255
5256
5257
5258
5259
5270
5271
5272
5273
5274
5275
5276
5277
5278
5279
5290
5291
5292
5293
5294
5295
5296
5297
5298
5299
5310
5311
5312
5313
5314
5315
5316
5317
5318
5319
5330
5331
5332
5333
5334
5335
5336
5337
5338
5339
5350
5351
5352
5353
5354
5355
5356
5357
5358
5359
5370
5371
5372
5373
5374
5375
5376
5377
5378
5379
5390
5391
5392
5393
5394
5395
5396
5397
5398
5399
5610
5611
5612
5613
5614
5615
5616
5617
5618
5619
5630
5631
5632
5633
5634
5635
5636
5637
5638
5639
5650
5651
5652
5653
5654
5655
5656
5657
5658
5659
5670
5671
5672
5673
5674
5675
5676
5677
5678
5679
5690
5691
5692
5693
5694
5695
5696
5697
5698
5699
5710
5711
5712
5713
5714
5715
5716
5717
5718
5719
5730
5731
5732
5733
5734
5735
5736
5737
5738
5739
5750
5751
5752
5753
5754
5755
5756
5757
5758
5759
5770
5771
5772
5773
5774
5775
5776
5777
5778
5779
5790
5791
5792
5793
5794
5795
5796
5797
5798
5799
6010
6011
6012
6013
6014
6015
6016
6017
6018
6019
6030
6031
6032
6033
6034
6035
6036
6037
6038
6039
6050
6051
6052
6053
6054
6055
6056
6057
6058
6059
6070
6071
6072
6073
6074
6075
6076
6077
6078
6079
6090
6091
6092
6093
6094
6095
6096
6097
6098
6099
6110
6111
6112
6113
6114
6115
6116
6117
6118
6119
6130
6131
6132
6133
6134
6135
6136
6137
6138
6139
6150
6151
6152
6153
6154
6155
6156
6157
6158
6159
6170
6171
6172
6173
6174
6175
6176
6177
6178
6179
6190
6191
6192
6193
6194
6195
6196
6197
6198
6199
6410
6411
6412
6413
6414
6415
6416
6417
6418
6419
6430
6431
6432
6433
6434
6435
6436
6437
6438
6439
6450
6451
6452
6453
6454
6455
6456
6457
6458
6459
6470
6471
6472
6473
6474
6475
6476
6477
6478
6479
6490
6491
6492
6493
6494
6495
6496
6497
6498
6499
6510
6511
6512
6513
6514
6515
6516
6517
6518
6519
6530
6531
6532
6533
6534
6535
6536
6537
6538
6539
6550
6551
6552
6553
6554
6555
6556
6557
6558
6559
6570
6571
6572
6573
6574
6575
6576
6577
6578
6579
6590
6591
6592
6593
6594
6595
6596
6597
6598
6599
6810
6811
6812
6813
6814
6815
6816
6817
6818
6819
6830
6831
6832
6833
6834
6835
6836
6837
6838
6839
6850
6851
6852
6853
6854
6855
6856
6857
6858
6859
6870
6871
6872
6873
6874
6875
6876
6877
6878
6879
6890
6891
6892
6893
6894
6895
6896
6897
6898
6899
6910
6911
6912
6913
6914
6915
6916
6917
6918
6919
6930
6931
6932
6933
6934
6935
6936
6937
6938
6939
6950
6951
6952
6953
6954
6955
6956
6957
6958
6959
6970
6971
6972
6973
6974
6975
6976
6977
6978
6979
6990
6991
6992
6993
6994
6995
6996
6997
6998
6999
7210
7211
7212
7213
7214
7215
7216
7217
7218
7219
7230
7231
7232
7233
7234
7235
7236
7237
7238
7239
7250
7251
7252
7253
7254
7255
7256
7257
7258
7259
7270
7271
7272
7273
7274
7275
7276
7277
7278
7279
7290
7291
7292
7293
7294
7295
7296
7297
7298
7299
7310
7311
7312
7313
7314
7315
7316
7317
7318
7319
7330
7331
7332
7333
7334
7335
7336
7337
7338
7339
7350
7351
7352
7353
7354
7355
7356
7357
7358
7359
7370
7371
7372
7373
7374
7375
7376
7377
7378
7379
7390
7391
7392
7393
7394
7395
7396
7397
7398
7399
7610
7611
7612
7613
7614
7615
7616
7617
7618
7619
7630
7631
7632
7633
7634
7635
7636
7637
7638
7639
7650
7651
7652
7653
7654
7655
7656
7657
7658
7659
7670
7671
7672
7673
7674
7675
7676
7677
7678
7679
7690
7691
7692
7693
7694
7695
7696
7697
7698
7699
7710
7711
7712
7713
7714
7715
7716
7717
7718
7719
7730
7731
7732
7733
7734
7735
7736
7737
7738
7739
7750
7751
7752
7753
7754
7755
7756
7757
7758
7759
7770
7771
7772
7773
7774
7775
7776
7777
7778
7779
7790
7791
7792
7793
7794
7795
7796
7797
7798
7799
)


// ************************************************************************* //
