/*--------------------------------*- C++ -*----------------------------------*\
| =========                 |                                                 |
| \\      /  F ield         | OpenFOAM: The Open Source CFD Toolbox           |
|  \\    /   O peration     | Version:  4.1                                   |
|   \\  /    A nd           | Web:      www.OpenFOAM.org                      |
|    \\/     M anipulation  |                                                 |
\*---------------------------------------------------------------------------*/
FoamFile
{
    version     2.0;
    format      ascii;
    class       labelList;
    location    "constant/polyMesh";
    object      pointProcAddressing;
}
// * * * * * * * * * * * * * * * * * * * * * * * * * * * * * * * * * * * * * //


2541
(
10
11
12
13
14
15
16
17
18
19
20
31
32
33
34
35
36
37
38
39
40
41
52
53
54
55
56
57
58
59
60
61
62
73
74
75
76
77
78
79
80
81
82
83
94
95
96
97
98
99
100
101
102
103
104
115
116
117
118
119
120
121
122
123
124
125
136
137
138
139
140
141
142
143
144
145
146
157
158
159
160
161
162
163
164
165
166
167
178
179
180
181
182
183
184
185
186
187
188
199
200
201
202
203
204
205
206
207
208
209
220
221
222
223
224
225
226
227
228
229
230
451
452
453
454
455
456
457
458
459
460
461
472
473
474
475
476
477
478
479
480
481
482
493
494
495
496
497
498
499
500
501
502
503
514
515
516
517
518
519
520
521
522
523
524
535
536
537
538
539
540
541
542
543
544
545
556
557
558
559
560
561
562
563
564
565
566
577
578
579
580
581
582
583
584
585
586
587
598
599
600
601
602
603
604
605
606
607
608
619
620
621
622
623
624
625
626
627
628
629
640
641
642
643
644
645
646
647
648
649
650
661
662
663
664
665
666
667
668
669
670
671
892
893
894
895
896
897
898
899
900
901
902
913
914
915
916
917
918
919
920
921
922
923
934
935
936
937
938
939
940
941
942
943
944
955
956
957
958
959
960
961
962
963
964
965
976
977
978
979
980
981
982
983
984
985
986
997
998
999
1000
1001
1002
1003
1004
1005
1006
1007
1018
1019
1020
1021
1022
1023
1024
1025
1026
1027
1028
1039
1040
1041
1042
1043
1044
1045
1046
1047
1048
1049
1060
1061
1062
1063
1064
1065
1066
1067
1068
1069
1070
1081
1082
1083
1084
1085
1086
1087
1088
1089
1090
1091
1102
1103
1104
1105
1106
1107
1108
1109
1110
1111
1112
1333
1334
1335
1336
1337
1338
1339
1340
1341
1342
1343
1354
1355
1356
1357
1358
1359
1360
1361
1362
1363
1364
1375
1376
1377
1378
1379
1380
1381
1382
1383
1384
1385
1396
1397
1398
1399
1400
1401
1402
1403
1404
1405
1406
1417
1418
1419
1420
1421
1422
1423
1424
1425
1426
1427
1438
1439
1440
1441
1442
1443
1444
1445
1446
1447
1448
1459
1460
1461
1462
1463
1464
1465
1466
1467
1468
1469
1480
1481
1482
1483
1484
1485
1486
1487
1488
1489
1490
1501
1502
1503
1504
1505
1506
1507
1508
1509
1510
1511
1522
1523
1524
1525
1526
1527
1528
1529
1530
1531
1532
1543
1544
1545
1546
1547
1548
1549
1550
1551
1552
1553
1774
1775
1776
1777
1778
1779
1780
1781
1782
1783
1784
1795
1796
1797
1798
1799
1800
1801
1802
1803
1804
1805
1816
1817
1818
1819
1820
1821
1822
1823
1824
1825
1826
1837
1838
1839
1840
1841
1842
1843
1844
1845
1846
1847
1858
1859
1860
1861
1862
1863
1864
1865
1866
1867
1868
1879
1880
1881
1882
1883
1884
1885
1886
1887
1888
1889
1900
1901
1902
1903
1904
1905
1906
1907
1908
1909
1910
1921
1922
1923
1924
1925
1926
1927
1928
1929
1930
1931
1942
1943
1944
1945
1946
1947
1948
1949
1950
1951
1952
1963
1964
1965
1966
1967
1968
1969
1970
1971
1972
1973
1984
1985
1986
1987
1988
1989
1990
1991
1992
1993
1994
2215
2216
2217
2218
2219
2220
2221
2222
2223
2224
2225
2236
2237
2238
2239
2240
2241
2242
2243
2244
2245
2246
2257
2258
2259
2260
2261
2262
2263
2264
2265
2266
2267
2278
2279
2280
2281
2282
2283
2284
2285
2286
2287
2288
2299
2300
2301
2302
2303
2304
2305
2306
2307
2308
2309
2320
2321
2322
2323
2324
2325
2326
2327
2328
2329
2330
2341
2342
2343
2344
2345
2346
2347
2348
2349
2350
2351
2362
2363
2364
2365
2366
2367
2368
2369
2370
2371
2372
2383
2384
2385
2386
2387
2388
2389
2390
2391
2392
2393
2404
2405
2406
2407
2408
2409
2410
2411
2412
2413
2414
2425
2426
2427
2428
2429
2430
2431
2432
2433
2434
2435
2656
2657
2658
2659
2660
2661
2662
2663
2664
2665
2666
2677
2678
2679
2680
2681
2682
2683
2684
2685
2686
2687
2698
2699
2700
2701
2702
2703
2704
2705
2706
2707
2708
2719
2720
2721
2722
2723
2724
2725
2726
2727
2728
2729
2740
2741
2742
2743
2744
2745
2746
2747
2748
2749
2750
2761
2762
2763
2764
2765
2766
2767
2768
2769
2770
2771
2782
2783
2784
2785
2786
2787
2788
2789
2790
2791
2792
2803
2804
2805
2806
2807
2808
2809
2810
2811
2812
2813
2824
2825
2826
2827
2828
2829
2830
2831
2832
2833
2834
2845
2846
2847
2848
2849
2850
2851
2852
2853
2854
2855
2866
2867
2868
2869
2870
2871
2872
2873
2874
2875
2876
3097
3098
3099
3100
3101
3102
3103
3104
3105
3106
3107
3118
3119
3120
3121
3122
3123
3124
3125
3126
3127
3128
3139
3140
3141
3142
3143
3144
3145
3146
3147
3148
3149
3160
3161
3162
3163
3164
3165
3166
3167
3168
3169
3170
3181
3182
3183
3184
3185
3186
3187
3188
3189
3190
3191
3202
3203
3204
3205
3206
3207
3208
3209
3210
3211
3212
3223
3224
3225
3226
3227
3228
3229
3230
3231
3232
3233
3244
3245
3246
3247
3248
3249
3250
3251
3252
3253
3254
3265
3266
3267
3268
3269
3270
3271
3272
3273
3274
3275
3286
3287
3288
3289
3290
3291
3292
3293
3294
3295
3296
3307
3308
3309
3310
3311
3312
3313
3314
3315
3316
3317
3538
3539
3540
3541
3542
3543
3544
3545
3546
3547
3548
3559
3560
3561
3562
3563
3564
3565
3566
3567
3568
3569
3580
3581
3582
3583
3584
3585
3586
3587
3588
3589
3590
3601
3602
3603
3604
3605
3606
3607
3608
3609
3610
3611
3622
3623
3624
3625
3626
3627
3628
3629
3630
3631
3632
3643
3644
3645
3646
3647
3648
3649
3650
3651
3652
3653
3664
3665
3666
3667
3668
3669
3670
3671
3672
3673
3674
3685
3686
3687
3688
3689
3690
3691
3692
3693
3694
3695
3706
3707
3708
3709
3710
3711
3712
3713
3714
3715
3716
3727
3728
3729
3730
3731
3732
3733
3734
3735
3736
3737
3748
3749
3750
3751
3752
3753
3754
3755
3756
3757
3758
3979
3980
3981
3982
3983
3984
3985
3986
3987
3988
3989
4000
4001
4002
4003
4004
4005
4006
4007
4008
4009
4010
4021
4022
4023
4024
4025
4026
4027
4028
4029
4030
4031
4042
4043
4044
4045
4046
4047
4048
4049
4050
4051
4052
4063
4064
4065
4066
4067
4068
4069
4070
4071
4072
4073
4084
4085
4086
4087
4088
4089
4090
4091
4092
4093
4094
4105
4106
4107
4108
4109
4110
4111
4112
4113
4114
4115
4126
4127
4128
4129
4130
4131
4132
4133
4134
4135
4136
4147
4148
4149
4150
4151
4152
4153
4154
4155
4156
4157
4168
4169
4170
4171
4172
4173
4174
4175
4176
4177
4178
4189
4190
4191
4192
4193
4194
4195
4196
4197
4198
4199
4420
4421
4422
4423
4424
4425
4426
4427
4428
4429
4430
4441
4442
4443
4444
4445
4446
4447
4448
4449
4450
4451
4462
4463
4464
4465
4466
4467
4468
4469
4470
4471
4472
4483
4484
4485
4486
4487
4488
4489
4490
4491
4492
4493
4504
4505
4506
4507
4508
4509
4510
4511
4512
4513
4514
4525
4526
4527
4528
4529
4530
4531
4532
4533
4534
4535
4546
4547
4548
4549
4550
4551
4552
4553
4554
4555
4556
4567
4568
4569
4570
4571
4572
4573
4574
4575
4576
4577
4588
4589
4590
4591
4592
4593
4594
4595
4596
4597
4598
4609
4610
4611
4612
4613
4614
4615
4616
4617
4618
4619
4630
4631
4632
4633
4634
4635
4636
4637
4638
4639
4640
4861
4862
4863
4864
4865
4866
4867
4868
4869
4870
4871
4882
4883
4884
4885
4886
4887
4888
4889
4890
4891
4892
4903
4904
4905
4906
4907
4908
4909
4910
4911
4912
4913
4924
4925
4926
4927
4928
4929
4930
4931
4932
4933
4934
4945
4946
4947
4948
4949
4950
4951
4952
4953
4954
4955
4966
4967
4968
4969
4970
4971
4972
4973
4974
4975
4976
4987
4988
4989
4990
4991
4992
4993
4994
4995
4996
4997
5008
5009
5010
5011
5012
5013
5014
5015
5016
5017
5018
5029
5030
5031
5032
5033
5034
5035
5036
5037
5038
5039
5050
5051
5052
5053
5054
5055
5056
5057
5058
5059
5060
5071
5072
5073
5074
5075
5076
5077
5078
5079
5080
5081
5302
5303
5304
5305
5306
5307
5308
5309
5310
5311
5312
5323
5324
5325
5326
5327
5328
5329
5330
5331
5332
5333
5344
5345
5346
5347
5348
5349
5350
5351
5352
5353
5354
5365
5366
5367
5368
5369
5370
5371
5372
5373
5374
5375
5386
5387
5388
5389
5390
5391
5392
5393
5394
5395
5396
5407
5408
5409
5410
5411
5412
5413
5414
5415
5416
5417
5428
5429
5430
5431
5432
5433
5434
5435
5436
5437
5438
5449
5450
5451
5452
5453
5454
5455
5456
5457
5458
5459
5470
5471
5472
5473
5474
5475
5476
5477
5478
5479
5480
5491
5492
5493
5494
5495
5496
5497
5498
5499
5500
5501
5512
5513
5514
5515
5516
5517
5518
5519
5520
5521
5522
5743
5744
5745
5746
5747
5748
5749
5750
5751
5752
5753
5764
5765
5766
5767
5768
5769
5770
5771
5772
5773
5774
5785
5786
5787
5788
5789
5790
5791
5792
5793
5794
5795
5806
5807
5808
5809
5810
5811
5812
5813
5814
5815
5816
5827
5828
5829
5830
5831
5832
5833
5834
5835
5836
5837
5848
5849
5850
5851
5852
5853
5854
5855
5856
5857
5858
5869
5870
5871
5872
5873
5874
5875
5876
5877
5878
5879
5890
5891
5892
5893
5894
5895
5896
5897
5898
5899
5900
5911
5912
5913
5914
5915
5916
5917
5918
5919
5920
5921
5932
5933
5934
5935
5936
5937
5938
5939
5940
5941
5942
5953
5954
5955
5956
5957
5958
5959
5960
5961
5962
5963
6184
6185
6186
6187
6188
6189
6190
6191
6192
6193
6194
6205
6206
6207
6208
6209
6210
6211
6212
6213
6214
6215
6226
6227
6228
6229
6230
6231
6232
6233
6234
6235
6236
6247
6248
6249
6250
6251
6252
6253
6254
6255
6256
6257
6268
6269
6270
6271
6272
6273
6274
6275
6276
6277
6278
6289
6290
6291
6292
6293
6294
6295
6296
6297
6298
6299
6310
6311
6312
6313
6314
6315
6316
6317
6318
6319
6320
6331
6332
6333
6334
6335
6336
6337
6338
6339
6340
6341
6352
6353
6354
6355
6356
6357
6358
6359
6360
6361
6362
6373
6374
6375
6376
6377
6378
6379
6380
6381
6382
6383
6394
6395
6396
6397
6398
6399
6400
6401
6402
6403
6404
6625
6626
6627
6628
6629
6630
6631
6632
6633
6634
6635
6646
6647
6648
6649
6650
6651
6652
6653
6654
6655
6656
6667
6668
6669
6670
6671
6672
6673
6674
6675
6676
6677
6688
6689
6690
6691
6692
6693
6694
6695
6696
6697
6698
6709
6710
6711
6712
6713
6714
6715
6716
6717
6718
6719
6730
6731
6732
6733
6734
6735
6736
6737
6738
6739
6740
6751
6752
6753
6754
6755
6756
6757
6758
6759
6760
6761
6772
6773
6774
6775
6776
6777
6778
6779
6780
6781
6782
6793
6794
6795
6796
6797
6798
6799
6800
6801
6802
6803
6814
6815
6816
6817
6818
6819
6820
6821
6822
6823
6824
6835
6836
6837
6838
6839
6840
6841
6842
6843
6844
6845
7066
7067
7068
7069
7070
7071
7072
7073
7074
7075
7076
7087
7088
7089
7090
7091
7092
7093
7094
7095
7096
7097
7108
7109
7110
7111
7112
7113
7114
7115
7116
7117
7118
7129
7130
7131
7132
7133
7134
7135
7136
7137
7138
7139
7150
7151
7152
7153
7154
7155
7156
7157
7158
7159
7160
7171
7172
7173
7174
7175
7176
7177
7178
7179
7180
7181
7192
7193
7194
7195
7196
7197
7198
7199
7200
7201
7202
7213
7214
7215
7216
7217
7218
7219
7220
7221
7222
7223
7234
7235
7236
7237
7238
7239
7240
7241
7242
7243
7244
7255
7256
7257
7258
7259
7260
7261
7262
7263
7264
7265
7276
7277
7278
7279
7280
7281
7282
7283
7284
7285
7286
7507
7508
7509
7510
7511
7512
7513
7514
7515
7516
7517
7528
7529
7530
7531
7532
7533
7534
7535
7536
7537
7538
7549
7550
7551
7552
7553
7554
7555
7556
7557
7558
7559
7570
7571
7572
7573
7574
7575
7576
7577
7578
7579
7580
7591
7592
7593
7594
7595
7596
7597
7598
7599
7600
7601
7612
7613
7614
7615
7616
7617
7618
7619
7620
7621
7622
7633
7634
7635
7636
7637
7638
7639
7640
7641
7642
7643
7654
7655
7656
7657
7658
7659
7660
7661
7662
7663
7664
7675
7676
7677
7678
7679
7680
7681
7682
7683
7684
7685
7696
7697
7698
7699
7700
7701
7702
7703
7704
7705
7706
7717
7718
7719
7720
7721
7722
7723
7724
7725
7726
7727
7948
7949
7950
7951
7952
7953
7954
7955
7956
7957
7958
7969
7970
7971
7972
7973
7974
7975
7976
7977
7978
7979
7990
7991
7992
7993
7994
7995
7996
7997
7998
7999
8000
8011
8012
8013
8014
8015
8016
8017
8018
8019
8020
8021
8032
8033
8034
8035
8036
8037
8038
8039
8040
8041
8042
8053
8054
8055
8056
8057
8058
8059
8060
8061
8062
8063
8074
8075
8076
8077
8078
8079
8080
8081
8082
8083
8084
8095
8096
8097
8098
8099
8100
8101
8102
8103
8104
8105
8116
8117
8118
8119
8120
8121
8122
8123
8124
8125
8126
8137
8138
8139
8140
8141
8142
8143
8144
8145
8146
8147
8158
8159
8160
8161
8162
8163
8164
8165
8166
8167
8168
8389
8390
8391
8392
8393
8394
8395
8396
8397
8398
8399
8410
8411
8412
8413
8414
8415
8416
8417
8418
8419
8420
8431
8432
8433
8434
8435
8436
8437
8438
8439
8440
8441
8452
8453
8454
8455
8456
8457
8458
8459
8460
8461
8462
8473
8474
8475
8476
8477
8478
8479
8480
8481
8482
8483
8494
8495
8496
8497
8498
8499
8500
8501
8502
8503
8504
8515
8516
8517
8518
8519
8520
8521
8522
8523
8524
8525
8536
8537
8538
8539
8540
8541
8542
8543
8544
8545
8546
8557
8558
8559
8560
8561
8562
8563
8564
8565
8566
8567
8578
8579
8580
8581
8582
8583
8584
8585
8586
8587
8588
8599
8600
8601
8602
8603
8604
8605
8606
8607
8608
8609
8830
8831
8832
8833
8834
8835
8836
8837
8838
8839
8840
8851
8852
8853
8854
8855
8856
8857
8858
8859
8860
8861
8872
8873
8874
8875
8876
8877
8878
8879
8880
8881
8882
8893
8894
8895
8896
8897
8898
8899
8900
8901
8902
8903
8914
8915
8916
8917
8918
8919
8920
8921
8922
8923
8924
8935
8936
8937
8938
8939
8940
8941
8942
8943
8944
8945
8956
8957
8958
8959
8960
8961
8962
8963
8964
8965
8966
8977
8978
8979
8980
8981
8982
8983
8984
8985
8986
8987
8998
8999
9000
9001
9002
9003
9004
9005
9006
9007
9008
9019
9020
9021
9022
9023
9024
9025
9026
9027
9028
9029
9040
9041
9042
9043
9044
9045
9046
9047
9048
9049
9050
)


// ************************************************************************* //
