/*--------------------------------*- C++ -*----------------------------------*\
| =========                 |                                                 |
| \\      /  F ield         | OpenFOAM: The Open Source CFD Toolbox           |
|  \\    /   O peration     | Version:  4.1                                   |
|   \\  /    A nd           | Web:      www.OpenFOAM.org                      |
|    \\/     M anipulation  |                                                 |
\*---------------------------------------------------------------------------*/
FoamFile
{
    version     2.0;
    format      binary;
    class       faceSet;
    location    "3/polyMesh/sets";
    object      layerFaces;
}
// * * * * * * * * * * * * * * * * * * * * * * * * * * * * * * * * * * * * * //


1606
(
81920 
77824 
73728 
79873 
75777 
81923 
77827 
79876 
81928 
77832 
79881 
73737 
79883 
81934 
79886 
77839 
75791 
73744 
81937 
77844 
81942 
79895 
73751 
81945 
79898 
77851 
75805 
79903 
79905 
77859 
81956 
79908 
73765 
77862 
81959 
79911 
75815 
81960 
81963 
81964 
79916 
79918 
77870 
81967 
73775 
79921 
75826 
79924 
77876 
73780 
79929 
79931 
81980 
77884 
75836 
73789 
79934 
81983 
81984 
79937 
81987 
81988 
77892 
79942 
77895 
81992 
79944 
73800 
75849 
81994 
79947 
81997 
79950 
77903 
82000 
75857 
73810 
82003 
79955 
82004 
79957 
77909 
82007 
73815 
79960 
82010 
79963 
77915 
82013 
75870 
82016 
79968 
77920 
79970 
82020 
79973 
77925 
82024 
79976 
75880 
77930 
82027 
79981 
82030 
79983 
77935 
82033 
82034 
79986 
77940 
73844 
82037 
79989 
82038 
82041 
73849 
82042 
79994 
75899 
77948 
82045 
73854 
79999 
82048 
80002 
82052 
77957 
73863 
82056 
80009 
75913 
82060 
80012 
77966 
82064 
73872 
80017 
82067 
80019 
82070 
80022 
77975 
75927 
82073 
80025 
82074 
73884 
82077 
82078 
80030 
77984 
75937 
73889 
80035 
82084 
80037 
82088 
80040 
77993 
73898 
82091 
80045 
75950 
82096 
80048 
78001 
73907 
82100 
78004 
80053 
75958 
82103 
78007 
80060 
78012 
82109 
80062 
78016 
75968 
82113 
80065 
80068 
73925 
82119 
78023 
80073 
78025 
82123 
78027 
75981 
82126 
78030 
73934 
80080 
80082 
82131 
78035 
80085 
73941 
82135 
80088 
82139 
73948 
80093 
78045 
80095 
82144 
82146 
80098 
82148 
73957 
80102 
78054 
82151 
82152 
82156 
82157 
80109 
73966 
78063 
82160 
82164 
80118 
82168 
80120 
78072 
73976 
82171 
82174 
78078 
82177 
82178 
78083 
80133 
73990 
82184 
80136 
78088 
82188 
78093 
74001 
82194 
78098 
76050 
76052 
80149 
82198 
76054 
78103 
76057 
76059 
74011 
82204 
78108 
76061 
82208 
74016 
78113 
80162 
82212 
78116 
80167 
82217 
78121 
74025 
80170 
82219 
82221 
82224 
78128 
78131 
80181 
74037 
82230 
78137 
82234 
80186 
74042 
78143 
82240 
74051 
82244 
78149 
82249 
78155 
80204 
82254 
80207 
82257 
78161 
82262 
78167 
82265 
80218 
78173 
82270 
80223 
82273 
76129 
82274 
82275 
78179 
82278 
74086 
82279 
80231 
78185 
82282 
80234 
82285 
74093 
78191 
82288 
74098 
82293 
80245 
78197 
82297 
78203 
74107 
80252 
76156 
82303 
78209 
82307 
78212 
82310 
74119 
80264 
78217 
82315 
78220 
80269 
76173 
82319 
74131 
82325 
78229 
80280 
76184 
82329 
82332 
78236 
82337 
78242 
80291 
74148 
82341 
80296 
78248 
82347 
78251 
76204 
82351 
74159 
78256 
82354 
80307 
78259 
74166 
82359 
80312 
78265 
76218 
82363 
74173 
80318 
82369 
78275 
82373 
80325 
76229 
74182 
76234 
82379 
78283 
80332 
82383 
76239 
78289 
74193 
82386 
76242 
80341 
78293 
74198 
82391 
76247 
82395 
78300 
82398 
78303 
76255 
74207 
82403 
80356 
76260 
82407 
76263 
78312 
74219 
76268 
82413 
78319 
82417 
80369 
76276 
82421 
78325 
74229 
80374 
82425 
80377 
76281 
74234 
78331 
82429 
78334 
82433 
76289 
80386 
78339 
74243 
76292 
82437 
80390 
78342 
82441 
76297 
82445 
80397 
76302 
82449 
78353 
80402 
82453 
74261 
76310 
78360 
82457 
76313 
80411 
82461 
74269 
78366 
76318 
82465 
76321 
82466 
74274 
82467 
82468 
82469 
82470 
76326 
82471 
82472 
80424 
78376 
82473 
82474 
82475 
74283 
80429 
82478 
76334 
78384 
82481 
76337 
82482 
80434 
82483 
82484 
82485 
82486 
78390 
76342 
82487 
82488 
82489 
74297 
82490 
78394 
82491 
82492 
82493 
82494 
76350 
82495 
82496 
82497 
80449 
78401 
82498 
82499 
76355 
82500 
80452 
78404 
74309 
82502 
76360 
82505 
80457 
82506 
78410 
82507 
80460 
82509 
76365 
82512 
78416 
76368 
82513 
80465 
82514 
74322 
82515 
80467 
78419 
82517 
76373 
80470 
82520 
78424 
82521 
74329 
82522 
78427 
82524 
76381 
82527 
82528 
76384 
74336 
82529 
80481 
82531 
78435 
76389 
82534 
82535 
82536 
74345 
82538 
82541 
78445 
76397 
82542 
82543 
82545 
80498 
76402 
74354 
78451 
82548 
82549 
80501 
76405 
82550 
78454 
82552 
76410 
82555 
74363 
82556 
82557 
82558 
78462 
82559 
76415 
82560 
82561 
82562 
80514 
76418 
82564 
78468 
74374 
82567 
78471 
76423 
82568 
82569 
82571 
82574 
82575 
78479 
76431 
82576 
80529 
82578 
76436 
82581 
74389 
82582 
80534 
82583 
78487 
82585 
76441 
78490 
82588 
82589 
82590 
76446 
74399 
82592 
76449 
78498 
82595 
82596 
74404 
82597 
80549 
76454 
82599 
78504 
82602 
80554 
82603 
78507 
82604 
74413 
76462 
82607 
80559 
82608 
76465 
82611 
82612 
80564 
82613 
78517 
74421 
82614 
76470 
82615 
82616 
82617 
74426 
82619 
78525 
82622 
76478 
82623 
82624 
76481 
82626 
74435 
82629 
78533 
82630 
76486 
82631 
78536 
82633 
80585 
76491 
82636 
82637 
82638 
78542 
82640 
76496 
78545 
74449 
80594 
82643 
82644 
82645 
76501 
82647 
82650 
82651 
78555 
82652 
80604 
76509 
82654 
76512 
82657 
78561 
82658 
82659 
74468 
82661 
76517 
82664 
78568 
82665 
80617 
82666 
82668 
76525 
74477 
82671 
78575 
82672 
76528 
82673 
82675 
76533 
82678 
80630 
78582 
82679 
74487 
82680 
82682 
82685 
80637 
78589 
76541 
82686 
82687 
80640 
76544 
82689 
82692 
78596 
74500 
82693 
76549 
82694 
82696 
76554 
82699 
78603 
82700 
82701 
74510 
82703 
80655 
76559 
82706 
80658 
78610 
82707 
82708 
76564 
82710 
80663 
76567 
74520 
82713 
78617 
82714 
82715 
80668 
82717 
82720 
78624 
74528 
82721 
82722 
82724 
80677 
82727 
78631 
82728 
82729 
80682 
82731 
80685 
82734 
78638 
74542 
82735 
82736 
82738 
82741 
78645 
82742 
82743 
82745 
80698 
76602 
74555 
82748 
78652 
82749 
82750 
80703 
82752 
76608 
82755 
78659 
82756 
80708 
82757 
76614 
82759 
80713 
82762 
78666 
74570 
82763 
76619 
82764 
82766 
82769 
78673 
82770 
82771 
76628 
74580 
82773 
82776 
80728 
78680 
82777 
82778 
80731 
82780 
76637 
74589 
82783 
78687 
82784 
80736 
82785 
82786 
78690 
82788 
74596 
82789 
80741 
78695 
82792 
80744 
82793 
78698 
76651 
82796 
82797 
78703 
82800 
82801 
74609 
78706 
82804 
76660 
82805 
80757 
82806 
78711 
76663 
82809 
82810 
80762 
78714 
82811 
74619 
76668 
82814 
82815 
80767 
78719 
76673 
78722 
80772 
74629 
78727 
80777 
78729 
76681 
74634 
78732 
78735 
74641 
80788 
78740 
76694 
80793 
78747 
74651 
78749 
78752 
74656 
76706 
76709 
78759 
74663 
76714 
78766 
74672 
78769 
78774 
74680 
78777 
78782 
78784 
78787 
76741 
74695 
78794 
76747 
78797 
76753 
74705 
78802 
78804 
76756 
78807 
78810 
76764 
78815 
74720 
78818 
76770 
76773 
78823 
78825 
76778 
78828 
74733 
76782 
78835 
78840 
76792 
78847 
74751 
76800 
74755 
78852 
78857 
76809 
80906 
74762 
78862 
76816 
78870 
80919 
76824 
74776 
78875 
80924 
76830 
78880 
76834 
78885 
74791 
80936 
76841 
78890 
78895 
80944 
80945 
76850 
78900 
74804 
76856 
78905 
76860 
80958 
78912 
74819 
80964 
76870 
78919 
74823 
80972 
76876 
78926 
74833 
76882 
78931 
76885 
80983 
78936 
74841 
76893 
78942 
80992 
76899 
74852 
78950 
76902 
81003 
76907 
74860 
78958 
76911 
78964 
81013 
76918 
74871 
78968 
76927 
74879 
78976 
81026 
78979 
81031 
78984 
76937 
78987 
74895 
81040 
78992 
76946 
81043 
74903 
79000 
81050 
79003 
76955 
79008 
74912 
76961 
81061 
76965 
79014 
79017 
74922 
76972 
81070 
79024 
76978 
74930 
79027 
76981 
81078 
79031 
76986 
74939 
81085 
79039 
81088 
76995 
79045 
74949 
79048 
77004 
81101 
79053 
74959 
79061 
81110 
79064 
74968 
79069 
81118 
74975 
81121 
77026 
79075 
74980 
79078 
81128 
79083 
77035 
74987 
81134 
77038 
79091 
77043 
81140 
74997 
79094 
75002 
79099 
81149 
79105 
75009 
79108 
81158 
79113 
81166 
79119 
75023 
77072 
81169 
79122 
75031 
81176 
77080 
79129 
79132 
75036 
81185 
79139 
79141 
79144 
75050 
79147 
77100 
81198 
79152 
75058 
79155 
77109 
75063 
79160 
77112 
79162 
81212 
79165 
77117 
79167 
75072 
81217 
81218 
79170 
75080 
77129 
79178 
81227 
79181 
79186 
77138 
75091 
81237 
79189 
77141 
81242 
79194 
77146 
81243 
75099 
79202 
77155 
79204 
81254 
75110 
79207 
81259 
73068 
79214 
75118 
77167 
79217 
81266 
77170 
77175 
79224 
81273 
79227 
73084 
79230 
81282 
81285 
79237 
79240 
81289 
77194 
73098 
79243 
79246 
81296 
79248 
77202 
81299 
79251 
77210 
75162 
79259 
73116 
81309 
77218 
79267 
75174 
73126 
75178 
81323 
79275 
79277 
81328 
79280 
73136 
79283 
75189 
79288 
77241 
75193 
81339 
79296 
79299 
73155 
77252 
81350 
77255 
79304 
79306 
75210 
81355 
77260 
79309 
75214 
73168 
77265 
79317 
75224 
73176 
81369 
79323 
79325 
77277 
79328 
77280 
81378 
73186 
75235 
81381 
77285 
79336 
73194 
79339 
81391 
81394 
79346 
77300 
79349 
73206 
79352 
75256 
79355 
81404 
75260 
79358 
77310 
81407 
75267 
79365 
81414 
77319 
79368 
77322 
73229 
81422 
79375 
77327 
79377 
75282 
81427 
77331 
79380 
79382 
75286 
79385 
73243 
81436 
77340 
79392 
79394 
77347 
81445 
79397 
79399 
77353 
75305 
79402 
73259 
81452 
79404 
81453 
79407 
79409 
77363 
79412 
75320 
81465 
73274 
79419 
77372 
75324 
79421 
81470 
79424 
75331 
77381 
73285 
81478 
79432 
79434 
81485 
79437 
77393 
73297 
79443 
81492 
75348 
73302 
79447 
79449 
77402 
79452 
81501 
75358 
73311 
77409 
79460 
81509 
79462 
75366 
81512 
73320 
79465 
77418 
81520 
79473 
73329 
81523 
79475 
77428 
75380 
79478 
77431 
81529 
79482 
77436 
79485 
75389 
73342 
77440 
79490 
79492 
81543 
79495 
77449 
81547 
79503 
77455 
75408 
73361 
81554 
79506 
79511 
77463 
81560 
77466 
75418 
79517 
73373 
77471 
79521 
75426 
73378 
79523 
77475 
81573 
79526 
81577 
73387 
77484 
75437 
79534 
81584 
79537 
77491 
81588 
79542 
79544 
77497 
75450 
79547 
81596 
77500 
73406 
79551 
77505 
81604 
75460 
77509 
79559 
79561 
81610 
79564 
77516 
81613 
75472 
79570 
81619 
79574 
77526 
81623 
81624 
75480 
73435 
77532 
79582 
81632 
79585 
73445 
79590 
77542 
79592 
75496 
81641 
79595 
79598 
73454 
81649 
77553 
75505 
79603 
73459 
75513 
77562 
79611 
81660 
73468 
79614 
81664 
79619 
77571 
81668 
75524 
73478 
81674 
79627 
77580 
79629 
75534 
73487 
79632 
81682 
77587 
79636 
79638 
73496 
79641 
81691 
79644 
77596 
75548 
81697 
79649 
81700 
75557 
77606 
79655 
79657 
73515 
79660 
81710 
77614 
79664 
77617 
79666 
79669 
73525 
81718 
77622 
79671 
79674 
77626 
81725 
75581 
73534 
79680 
77633 
81731 
79688 
77641 
73545 
81738 
79690 
75594 
77644 
79693 
77649 
81746 
79699 
75604 
73556 
79701 
77653 
79704 
81753 
73561 
77660 
79712 
75616 
81762 
73570 
79715 
77669 
79720 
75624 
81769 
79723 
81775 
77679 
79728 
73584 
79730 
75634 
79733 
77686 
81783 
79735 
79738 
79740 
75645 
81790 
77694 
79743 
73602 
81795 
77700 
79751 
75655 
77704 
81801 
79753 
73610 
81803 
79756 
81806 
77711 
77714 
75666 
73619 
81812 
79764 
81815 
79767 
77722 
81820 
79772 
79774 
75678 
81823 
77727 
79777 
81828 
77732 
81831 
79785 
79787 
81836 
75692 
79790 
77742 
73647 
81842 
79796 
81845 
81846 
79798 
75703 
79801 
77753 
81850 
73661 
81854 
81857 
79809 
75713 
77762 
79812 
81862 
73671 
79817 
77770 
81868 
79820 
75724 
73676 
81871 
77776 
79825 
79827 
81876 
77780 
73685 
79830 
75734 
79832 
81882 
79835 
77787 
81885 
79838 
77790 
73694 
81890 
79843 
75748 
79845 
77798 
81896 
79848 
77801 
79850 
81899 
81900 
77804 
79853 
81903 
75759 
79856 
77809 
81906 
73714 
79861 
77813 
81912 
75769 
81915 
79868 
77820 
79870 
77822 
)

// ************************************************************************* //
