/*--------------------------------*- C++ -*----------------------------------*\
| =========                 |                                                 |
| \\      /  F ield         | OpenFOAM: The Open Source CFD Toolbox           |
|  \\    /   O peration     | Version:  4.1                                   |
|   \\  /    A nd           | Web:      www.OpenFOAM.org                      |
|    \\/     M anipulation  |                                                 |
\*---------------------------------------------------------------------------*/
FoamFile
{
    version     2.0;
    format      ascii;
    class       faceSet;
    location    "3/polyMesh/sets";
    object      layerFaces;
}
// * * * * * * * * * * * * * * * * * * * * * * * * * * * * * * * * * * * * * //


434
(
64516 
64519 
64522 
64527 
64530 
64533 
64538 
64541 
64544 
64549 
64552 
64555 
64560 
64565 
64570 
64579 
64582 
64585 
64590 
64594 
64598 
64605 
64609 
64613 
64620 
64622 
64624 
64627 
64630 
64633 
64638 
64640 
64642 
64645 
64648 
64651 
64656 
64661 
64666 
64675 
64679 
64683 
64690 
64693 
64696 
64701 
64704 
64707 
64712 
64715 
64718 
64723 
64726 
64729 
64734 
64737 
64740 
64745 
64747 
64749 
64752 
64755 
64758 
64763 
64765 
64767 
64770 
64775 
64780 
64789 
64792 
64795 
64800 
64803 
64806 
64811 
64815 
64819 
64826 
64828 
64830 
64833 
64835 
64837 
64840 
64842 
64844 
64847 
64850 
64853 
64858 
64863 
64868 
64877 
64881 
64885 
64892 
64895 
64898 
64903 
64906 
64909 
64914 
64917 
64920 
64925 
64928 
64931 
64936 
64939 
64942 
64947 
64949 
64951 
64954 
64957 
64960 
64965 
64967 
64969 
64972 
64977 
63956 
64982 
63960 
63964 
64991 
64994 
63971 
64997 
63975 
65002 
63979 
65005 
65008 
63986 
65013 
63991 
65017 
63996 
65021 
65028 
64005 
65030 
65032 
64010 
65035 
65037 
64015 
65039 
65042 
65044 
65046 
64024 
65049 
64028 
65052 
65055 
64032 
65060 
64039 
65065 
64043 
65070 
64047 
64054 
65079 
65082 
64059 
65085 
64064 
65090 
65093 
65096 
64073 
65101 
64078 
65104 
64083 
65107 
65112 
65114 
64092 
65116 
65119 
64096 
65121 
65123 
64100 
65126 
65128 
65130 
64107 
65133 
64111 
65135 
65137 
64115 
65140 
65143 
64122 
65146 
64125 
65151 
64128 
65154 
64133 
65157 
64136 
65162 
64139 
65164 
65166 
64144 
65169 
65170 
65171 
64148 
65172 
65173 
65174 
65175 
64152 
65176 
65177 
65178 
65181 
64159 
65184 
64163 
65189 
64167 
65192 
65195 
64174 
65200 
64177 
65202 
64180 
65204 
65207 
65208 
64185 
65209 
65210 
65211 
65212 
64189 
65213 
65214 
65215 
65216 
64193 
65219 
65222 
64200 
64203 
65227 
65229 
64206 
65231 
65234 
64211 
65236 
64214 
65238 
64217 
65241 
65242 
65243 
65244 
65245 
64222 
65246 
65247 
64226 
65250 
65253 
64230 
65258 
64237 
65261 
65264 
64241 
64245 
65269 
65270 
65271 
65272 
65274 
64252 
65276 
64255 
65279 
65280 
65281 
64258 
65282 
65283 
65284 
65285 
64263 
65288 
64267 
65291 
64271 
65296 
65298 
65300 
64278 
65303 
64281 
65305 
65307 
64284 
65310 
65311 
65312 
64289 
65313 
65314 
65315 
64292 
65316 
64295 
65319 
65322 
64300 
65327 
64305 
65330 
65333 
64310 
65338 
65339 
65340 
65341 
64319 
65343 
65345 
64323 
65348 
65349 
65350 
64327 
65351 
65352 
65353 
65354 
65357 
64334 
65360 
64338 
65365 
64342 
65367 
65369 
65372 
64349 
65374 
64352 
65376 
64355 
65379 
65380 
65381 
65382 
65383 
64360 
65384 
65385 
64364 
65388 
65391 
64368 
65396 
64375 
65399 
65402 
64378 
64381 
65407 
65408 
65409 
65410 
64386 
65411 
65412 
65413 
64389 
65414 
65415 
64392 
64397 
64400 
64403 
64408 
64411 
64414 
64419 
64422 
64425 
64430 
64435 
64440 
65465 
65472 
64449 
64453 
65481 
64457 
65488 
64464 
64468 
65493 
64472 
65499 
64479 
65504 
64482 
65507 
64485 
65512 
64490 
65515 
65518 
64494 
65519 
65522 
64498 
65523 
64505 
64508 
64511 
)

// ************************************************************************* //
