/*--------------------------------*- C++ -*----------------------------------*\
| =========                 |                                                 |
| \\      /  F ield         | OpenFOAM: The Open Source CFD Toolbox           |
|  \\    /   O peration     | Version:  4.1                                   |
|   \\  /    A nd           | Web:      www.OpenFOAM.org                      |
|    \\/     M anipulation  |                                                 |
\*---------------------------------------------------------------------------*/
FoamFile
{
    version     2.0;
    format      ascii;
    class       vectorField;
    location    "constant/polyMesh";
    object      points;
}
// * * * * * * * * * * * * * * * * * * * * * * * * * * * * * * * * * * * * * //


1331
(
(-600 -600 100)
(-480 -600 100)
(-360 -600 100)
(-240 -600 100)
(-120 -600 100)
(0 -600 100)
(120 -600 100)
(240 -600 100)
(360 -600 100)
(480 -600 100)
(600 -600 100)
(-600 -480 100)
(-480 -480 100)
(-360 -480 100)
(-240 -480 100)
(-120 -480 100)
(0 -480 100)
(120 -480 100)
(240 -480 100)
(360 -480 100)
(480 -480 100)
(600 -480 100)
(-600 -360 100)
(-480 -360 100)
(-360 -360 100)
(-240 -360 100)
(-120 -360 100)
(0 -360 100)
(120 -360 100)
(240 -360 100)
(360 -360 100)
(480 -360 100)
(600 -360 100)
(-600 -240 100)
(-480 -240 100)
(-360 -240 100)
(-240 -240 100)
(-120 -240 100)
(0 -240 100)
(120 -240 100)
(240 -240 100)
(360 -240 100)
(480 -240 100)
(600 -240 100)
(-600 -120 100)
(-480 -120 100)
(-360 -120 100)
(-240 -120 100)
(-120 -120 100)
(0 -120 100)
(120 -120 100)
(240 -120 100)
(360 -120 100)
(480 -120 100)
(600 -120 100)
(-600 0 100)
(-480 0 100)
(-360 0 100)
(-240 0 100)
(-120 0 100)
(0 0 100)
(120 0 100)
(240 4.625929269e-15 100)
(360 -4.625929269e-15 100)
(480 6.938893904e-15 100)
(600 0 100)
(-600 120 100)
(-480 120 100)
(-360 120 100)
(-240 120 100)
(-120 120 100)
(0 120 100)
(120 120 100)
(240 120 100)
(360 120 100)
(480 120 100)
(600 120 100)
(-600 240 100)
(-480 240 100)
(-360 240 100)
(-240 240 100)
(-120 240 100)
(0 240 100)
(120 240 100)
(240 240 100)
(360 240 100)
(480 240 100)
(600 240 100)
(-600 360 100)
(-480 360 100)
(-360 360 100)
(-240 360 100)
(-120 360 100)
(0 360 100)
(120 360 100)
(240 360 100)
(360 360 100)
(480 360 100)
(600 360 100)
(-600 480 100)
(-480 480 100)
(-360 480 100)
(-240 480 100)
(-120 480 100)
(0 480 100)
(120 480 100)
(240 480 100)
(360 480 100)
(480 480 100)
(600 480 100)
(-600 600 100)
(-480 600 100)
(-360 600 100)
(-240 600 100)
(-120 600 100)
(0 600 100)
(120 600 100)
(240 600 100)
(360 600 100)
(480 600 100)
(600 600 100)
(-600 -600 340)
(-480 -600 340)
(-360 -600 340)
(-240 -600 340)
(-120 -600 340)
(0 -600 340)
(120 -600 340)
(240 -600 340)
(360 -600 340)
(480 -600 340)
(600 -600 340)
(-600 -480 340)
(-480 -480 340)
(-360 -480 340)
(-240 -480 340)
(-120 -480 340)
(0 -480 340)
(120 -480 340)
(240 -480 340)
(360 -480 340)
(480 -480 340)
(600 -480 340)
(-600 -360 340)
(-480 -360 340)
(-360 -360 340)
(-240 -360 340)
(-120 -360 340)
(0 -360 340)
(120 -360 340)
(240 -360 340)
(360 -360 340)
(480 -360 340)
(600 -360 340)
(-600 -240 340)
(-480 -240 340)
(-360 -240 340)
(-240 -240 340)
(-120 -240 340)
(0 -240 340)
(120 -240 340)
(240 -240 340)
(360 -240 340)
(480 -240 340)
(600 -240 340)
(-600 -120 340)
(-480 -120 340)
(-360 -120 340)
(-240 -120 340)
(-120 -120 340)
(0 -120 340)
(120 -120 340)
(240 -120 340)
(360 -120 340)
(480 -120 340)
(600 -120 340)
(-600 0 340)
(-480 0 340)
(-360 0 340)
(-240 9.251858539e-15 340)
(-120 -9.251858539e-15 340)
(0 0 340)
(120 -9.251858539e-15 340)
(240 -9.251858539e-15 340)
(360 -4.625929269e-15 340)
(480 6.938893904e-15 340)
(600 0 340)
(-600 120 340)
(-480 120 340)
(-360 120 340)
(-240 120 340)
(-120 120 340)
(0 120 340)
(120 120 340)
(240 120 340)
(360 120 340)
(480 120 340)
(600 120 340)
(-600 240 340)
(-480 240 340)
(-360 240 340)
(-240 240 340)
(-120 240 340)
(0 240 340)
(120 240 340)
(240 240 340)
(360 240 340)
(480 240 340)
(600 240 340)
(-600 360 340)
(-480 360 340)
(-360 360 340)
(-240 360 340)
(-120 360 340)
(0 360 340)
(120 360 340)
(240 360 340)
(360 360 340)
(480 360 340)
(600 360 340)
(-600 480 340)
(-480 480 340)
(-360 480 340)
(-240 480 340)
(-120 480 340)
(0 480 340)
(120 480 340)
(240 480 340)
(360 480 340)
(480 480 340)
(600 480 340)
(-600 600 340)
(-480 600 340)
(-360 600 340)
(-240 600 340)
(-120 600 340)
(0 600 340)
(120 600 340)
(240 600 340)
(360 600 340)
(480 600 340)
(600 600 340)
(-600 -600 580)
(-480 -600 580)
(-360 -600 580)
(-240 -600 580)
(-120 -600 580)
(0 -600 580)
(120 -600 580)
(240 -600 580)
(360 -600 580)
(480 -600 580)
(600 -600 580)
(-600 -480 580)
(-480 -480 580)
(-360 -480 580)
(-240 -480 580)
(-120 -480 580)
(0 -480 580)
(120 -480 580)
(240 -480 580)
(360 -480 580)
(480 -480 580)
(600 -480 580)
(-600 -360 580)
(-480 -360 580)
(-360 -360 580)
(-240 -360 580)
(-120 -360 580)
(0 -360 580)
(120 -360 580)
(240 -360 580)
(360 -360 580)
(480 -360 580)
(600 -360 580)
(-600 -240 580)
(-480 -240 580)
(-360 -240 580)
(-240 -240 580)
(-120 -240 580)
(0 -240 580)
(120 -240 580)
(240 -240 580)
(360 -240 580)
(480 -240 580)
(600 -240 580)
(-600 -120 580)
(-480 -120 580)
(-360 -120 580)
(-240 -120 580)
(-120 -120 580)
(0 -120 580)
(120 -120 580)
(240 -120 580)
(360 -120 580)
(480 -120 580)
(600 -120 580)
(-600 0 580)
(-480 0 580)
(-360 9.251858539e-15 580)
(-240 0 580)
(-120 -9.251858539e-15 580)
(0 0 580)
(120 -9.251858539e-15 580)
(240 4.625929269e-15 580)
(360 -4.625929269e-15 580)
(480 6.938893904e-15 580)
(600 0 580)
(-600 120 580)
(-480 120 580)
(-360 120 580)
(-240 120 580)
(-120 120 580)
(0 120 580)
(120 120 580)
(240 120 580)
(360 120 580)
(480 120 580)
(600 120 580)
(-600 240 580)
(-480 240 580)
(-360 240 580)
(-240 240 580)
(-120 240 580)
(0 240 580)
(120 240 580)
(240 240 580)
(360 240 580)
(480 240 580)
(600 240 580)
(-600 360 580)
(-480 360 580)
(-360 360 580)
(-240 360 580)
(-120 360 580)
(0 360 580)
(120 360 580)
(240 360 580)
(360 360 580)
(480 360 580)
(600 360 580)
(-600 480 580)
(-480 480 580)
(-360 480 580)
(-240 480 580)
(-120 480 580)
(0 480 580)
(120 480 580)
(240 480 580)
(360 480 580)
(480 480 580)
(600 480 580)
(-600 600 580)
(-480 600 580)
(-360 600 580)
(-240 600 580)
(-120 600 580)
(0 600 580)
(120 600 580)
(240 600 580)
(360 600 580)
(480 600 580)
(600 600 580)
(-600 -600 820)
(-480 -600 820)
(-360 -600 820)
(-240 -600 820)
(-120 -600 820)
(0 -600 820)
(120 -600 820)
(240 -600 820)
(360 -600 820)
(480 -600 820)
(600 -600 820)
(-600 -480 820)
(-480 -480 820)
(-360 -480 820)
(-240 -480 820)
(-120 -480 820)
(0 -480 820)
(120 -480 820)
(240 -480 820)
(360 -480 820)
(480 -480 820)
(600 -480 820)
(-600 -360 820)
(-480 -360 820)
(-360 -360 820)
(-240 -360 820)
(-120 -360 820)
(0 -360 820)
(120 -360 820)
(240 -360 820)
(360 -360 820)
(480 -360 820)
(600 -360 820)
(-600 -240 820)
(-480 -240 820)
(-360 -240 820)
(-240 -240 820)
(-120 -240 820)
(0 -240 820)
(120 -240 820)
(240 -240 820)
(360 -240 820)
(480 -240 820)
(600 -240 820)
(-600 -120 820)
(-480 -120 820)
(-360 -120 820)
(-240 -120 820)
(-120 -120 820)
(0 -120 820)
(120 -120 820)
(240 -120 820)
(360 -120 820)
(480 -120 820)
(600 -120 820)
(-600 0 820)
(-480 0 820)
(-360 9.251858539e-15 820)
(-240 0 820)
(-120 0 820)
(0 0 820)
(120 -4.625929269e-15 820)
(240 4.625929269e-15 820)
(360 -2.312964635e-15 820)
(480 6.938893904e-15 820)
(600 0 820)
(-600 120 820)
(-480 120 820)
(-360 120 820)
(-240 120 820)
(-120 120 820)
(0 120 820)
(120 120 820)
(240 120 820)
(360 120 820)
(480 120 820)
(600 120 820)
(-600 240 820)
(-480 240 820)
(-360 240 820)
(-240 240 820)
(-120 240 820)
(0 240 820)
(120 240 820)
(240 240 820)
(360 240 820)
(480 240 820)
(600 240 820)
(-600 360 820)
(-480 360 820)
(-360 360 820)
(-240 360 820)
(-120 360 820)
(0 360 820)
(120 360 820)
(240 360 820)
(360 360 820)
(480 360 820)
(600 360 820)
(-600 480 820)
(-480 480 820)
(-360 480 820)
(-240 480 820)
(-120 480 820)
(0 480 820)
(120 480 820)
(240 480 820)
(360 480 820)
(480 480 820)
(600 480 820)
(-600 600 820)
(-480 600 820)
(-360 600 820)
(-240 600 820)
(-120 600 820)
(0 600 820)
(120 600 820)
(240 600 820)
(360 600 820)
(480 600 820)
(600 600 820)
(-600 -600 1060)
(-480 -600 1060)
(-360 -600 1060)
(-240 -600 1060)
(-120 -600 1060)
(0 -600 1060)
(120 -600 1060)
(240 -600 1060)
(360 -600 1060)
(480 -600 1060)
(600 -600 1060)
(-600 -480 1060)
(-480 -480 1060)
(-360 -480 1060)
(-240 -480 1060)
(-120 -480 1060)
(0 -480 1060)
(120 -480 1060)
(240 -480 1060)
(360 -480 1060)
(480 -480 1060)
(600 -480 1060)
(-600 -360 1060)
(-480 -360 1060)
(-360 -360 1060)
(-240 -360 1060)
(-120 -360 1060)
(0 -360 1060)
(120 -360 1060)
(240 -360 1060)
(360 -360 1060)
(480 -360 1060)
(600 -360 1060)
(-600 -240 1060)
(-480 -240 1060)
(-360 -240 1060)
(-240 -240 1060)
(-120 -240 1060)
(0 -240 1060)
(120 -240 1060)
(240 -240 1060)
(360 -240 1060)
(480 -240 1060)
(600 -240 1060)
(-600 -120 1060)
(-480 -120 1060)
(-360 -120 1060)
(-240 -120 1060)
(-120 -120 1060)
(0 -120 1060)
(120 -120 1060)
(240 -120 1060)
(360 -120 1060)
(480 -120 1060)
(600 -120 1060)
(-600 0 1060)
(-480 0 1060)
(-360 0 1060)
(-240 0 1060)
(-120 0 1060)
(0 0 1060)
(120 0 1060)
(240 4.625929269e-15 1060)
(360 -4.625929269e-15 1060)
(480 6.938893904e-15 1060)
(600 0 1060)
(-600 120 1060)
(-480 120 1060)
(-360 120 1060)
(-240 120 1060)
(-120 120 1060)
(0 120 1060)
(120 120 1060)
(240 120 1060)
(360 120 1060)
(480 120 1060)
(600 120 1060)
(-600 240 1060)
(-480 240 1060)
(-360 240 1060)
(-240 240 1060)
(-120 240 1060)
(0 240 1060)
(120 240 1060)
(240 240 1060)
(360 240 1060)
(480 240 1060)
(600 240 1060)
(-600 360 1060)
(-480 360 1060)
(-360 360 1060)
(-240 360 1060)
(-120 360 1060)
(0 360 1060)
(120 360 1060)
(240 360 1060)
(360 360 1060)
(480 360 1060)
(600 360 1060)
(-600 480 1060)
(-480 480 1060)
(-360 480 1060)
(-240 480 1060)
(-120 480 1060)
(0 480 1060)
(120 480 1060)
(240 480 1060)
(360 480 1060)
(480 480 1060)
(600 480 1060)
(-600 600 1060)
(-480 600 1060)
(-360 600 1060)
(-240 600 1060)
(-120 600 1060)
(0 600 1060)
(120 600 1060)
(240 600 1060)
(360 600 1060)
(480 600 1060)
(600 600 1060)
(-600 -600 1300)
(-480 -600 1300)
(-360 -600 1300)
(-240 -600 1300)
(-120 -600 1300)
(0 -600 1300)
(120 -600 1300)
(240 -600 1300)
(360 -600 1300)
(480 -600 1300)
(600 -600 1300)
(-600 -480 1300)
(-480 -480 1300)
(-360 -480 1300)
(-240 -480 1300)
(-120 -480 1300)
(0 -480 1300)
(120 -480 1300)
(240 -480 1300)
(360 -480 1300)
(480 -480 1300)
(600 -480 1300)
(-600 -360 1300)
(-480 -360 1300)
(-360 -360 1300)
(-240 -360 1300)
(-120 -360 1300)
(0 -360 1300)
(120 -360 1300)
(240 -360 1300)
(360 -360 1300)
(480 -360 1300)
(600 -360 1300)
(-600 -240 1300)
(-480 -240 1300)
(-360 -240 1300)
(-240 -240 1300)
(-120 -240 1300)
(0 -240 1300)
(120 -240 1300)
(240 -240 1300)
(360 -240 1300)
(480 -240 1300)
(600 -240 1300)
(-600 -120 1300)
(-480 -120 1300)
(-360 -120 1300)
(-240 -120 1300)
(-120 -120 1300)
(0 -120 1300)
(120 -120 1300)
(240 -120 1300)
(360 -120 1300)
(480 -120 1300)
(600 -120 1300)
(-600 0 1300)
(-480 0 1300)
(-360 0 1300)
(-240 0 1300)
(-120 0 1300)
(0 0 1300)
(120 0 1300)
(240 4.625929269e-15 1300)
(360 -4.625929269e-15 1300)
(480 6.938893904e-15 1300)
(600 0 1300)
(-600 120 1300)
(-480 120 1300)
(-360 120 1300)
(-240 120 1300)
(-120 120 1300)
(0 120 1300)
(120 120 1300)
(240 120 1300)
(360 120 1300)
(480 120 1300)
(600 120 1300)
(-600 240 1300)
(-480 240 1300)
(-360 240 1300)
(-240 240 1300)
(-120 240 1300)
(0 240 1300)
(120 240 1300)
(240 240 1300)
(360 240 1300)
(480 240 1300)
(600 240 1300)
(-600 360 1300)
(-480 360 1300)
(-360 360 1300)
(-240 360 1300)
(-120 360 1300)
(0 360 1300)
(120 360 1300)
(240 360 1300)
(360 360 1300)
(480 360 1300)
(600 360 1300)
(-600 480 1300)
(-480 480 1300)
(-360 480 1300)
(-240 480 1300)
(-120 480 1300)
(0 480 1300)
(120 480 1300)
(240 480 1300)
(360 480 1300)
(480 480 1300)
(600 480 1300)
(-600 600 1300)
(-480 600 1300)
(-360 600 1300)
(-240 600 1300)
(-120 600 1300)
(0 600 1300)
(120 600 1300)
(240 600 1300)
(360 600 1300)
(480 600 1300)
(600 600 1300)
(-600 -600 1540)
(-480 -600 1540)
(-360 -600 1540)
(-240 -600 1540)
(-120 -600 1540)
(0 -600 1540)
(120 -600 1540)
(240 -600 1540)
(360 -600 1540)
(480 -600 1540)
(600 -600 1540)
(-600 -480 1540)
(-480 -480 1540)
(-360 -480 1540)
(-240 -480 1540)
(-120 -480 1540)
(0 -480 1540)
(120 -480 1540)
(240 -480 1540)
(360 -480 1540)
(480 -480 1540)
(600 -480 1540)
(-600 -360 1540)
(-480 -360 1540)
(-360 -360 1540)
(-240 -360 1540)
(-120 -360 1540)
(0 -360 1540)
(120 -360 1540)
(240 -360 1540)
(360 -360 1540)
(480 -360 1540)
(600 -360 1540)
(-600 -240 1540)
(-480 -240 1540)
(-360 -240 1540)
(-240 -240 1540)
(-120 -240 1540)
(0 -240 1540)
(120 -240 1540)
(240 -240 1540)
(360 -240 1540)
(480 -240 1540)
(600 -240 1540)
(-600 -120 1540)
(-480 -120 1540)
(-360 -120 1540)
(-240 -120 1540)
(-120 -120 1540)
(0 -120 1540)
(120 -120 1540)
(240 -120 1540)
(360 -120 1540)
(480 -120 1540)
(600 -120 1540)
(-600 0 1540)
(-480 0 1540)
(-360 0 1540)
(-240 0 1540)
(-120 0 1540)
(0 0 1540)
(120 0 1540)
(240 4.625929269e-15 1540)
(360 -4.625929269e-15 1540)
(480 6.938893904e-15 1540)
(600 0 1540)
(-600 120 1540)
(-480 120 1540)
(-360 120 1540)
(-240 120 1540)
(-120 120 1540)
(0 120 1540)
(120 120 1540)
(240 120 1540)
(360 120 1540)
(480 120 1540)
(600 120 1540)
(-600 240 1540)
(-480 240 1540)
(-360 240 1540)
(-240 240 1540)
(-120 240 1540)
(0 240 1540)
(120 240 1540)
(240 240 1540)
(360 240 1540)
(480 240 1540)
(600 240 1540)
(-600 360 1540)
(-480 360 1540)
(-360 360 1540)
(-240 360 1540)
(-120 360 1540)
(0 360 1540)
(120 360 1540)
(240 360 1540)
(360 360 1540)
(480 360 1540)
(600 360 1540)
(-600 480 1540)
(-480 480 1540)
(-360 480 1540)
(-240 480 1540)
(-120 480 1540)
(0 480 1540)
(120 480 1540)
(240 480 1540)
(360 480 1540)
(480 480 1540)
(600 480 1540)
(-600 600 1540)
(-480 600 1540)
(-360 600 1540)
(-240 600 1540)
(-120 600 1540)
(0 600 1540)
(120 600 1540)
(240 600 1540)
(360 600 1540)
(480 600 1540)
(600 600 1540)
(-600 -600 1780)
(-480 -600 1780)
(-360 -600 1780)
(-240 -600 1780)
(-120 -600 1780)
(0 -600 1780)
(120 -600 1780)
(240 -600 1780)
(360 -600 1780)
(480 -600 1780)
(600 -600 1780)
(-600 -480 1780)
(-480 -480 1780)
(-360 -480 1780)
(-240 -480 1780)
(-120 -480 1780)
(0 -480 1780)
(120 -480 1780)
(240 -480 1780)
(360 -480 1780)
(480 -480 1780)
(600 -480 1780)
(-600 -360 1780)
(-480 -360 1780)
(-360 -360 1780)
(-240 -360 1780)
(-120 -360 1780)
(0 -360 1780)
(120 -360 1780)
(240 -360 1780)
(360 -360 1780)
(480 -360 1780)
(600 -360 1780)
(-600 -240 1780)
(-480 -240 1780)
(-360 -240 1780)
(-240 -240 1780)
(-120 -240 1780)
(0 -240 1780)
(120 -240 1780)
(240 -240 1780)
(360 -240 1780)
(480 -240 1780)
(600 -240 1780)
(-600 -120 1780)
(-480 -120 1780)
(-360 -120 1780)
(-240 -120 1780)
(-120 -120 1780)
(0 -120 1780)
(120 -120 1780)
(240 -120 1780)
(360 -120 1780)
(480 -120 1780)
(600 -120 1780)
(-600 0 1780)
(-480 0 1780)
(-360 0 1780)
(-240 0 1780)
(-120 0 1780)
(0 0 1780)
(120 0 1780)
(240 4.625929269e-15 1780)
(360 -4.625929269e-15 1780)
(480 6.938893904e-15 1780)
(600 0 1780)
(-600 120 1780)
(-480 120 1780)
(-360 120 1780)
(-240 120 1780)
(-120 120 1780)
(0 120 1780)
(120 120 1780)
(240 120 1780)
(360 120 1780)
(480 120 1780)
(600 120 1780)
(-600 240 1780)
(-480 240 1780)
(-360 240 1780)
(-240 240 1780)
(-120 240 1780)
(0 240 1780)
(120 240 1780)
(240 240 1780)
(360 240 1780)
(480 240 1780)
(600 240 1780)
(-600 360 1780)
(-480 360 1780)
(-360 360 1780)
(-240 360 1780)
(-120 360 1780)
(0 360 1780)
(120 360 1780)
(240 360 1780)
(360 360 1780)
(480 360 1780)
(600 360 1780)
(-600 480 1780)
(-480 480 1780)
(-360 480 1780)
(-240 480 1780)
(-120 480 1780)
(0 480 1780)
(120 480 1780)
(240 480 1780)
(360 480 1780)
(480 480 1780)
(600 480 1780)
(-600 600 1780)
(-480 600 1780)
(-360 600 1780)
(-240 600 1780)
(-120 600 1780)
(0 600 1780)
(120 600 1780)
(240 600 1780)
(360 600 1780)
(480 600 1780)
(600 600 1780)
(-600 -600 2020)
(-480 -600 2020)
(-360 -600 2020)
(-240 -600 2020)
(-120 -600 2020)
(0 -600 2020)
(120 -600 2020)
(240 -600 2020)
(360 -600 2020)
(480 -600 2020)
(600 -600 2020)
(-600 -480 2020)
(-480 -480 2020)
(-360 -480 2020)
(-240 -480 2020)
(-120 -480 2020)
(0 -480 2020)
(120 -480 2020)
(240 -480 2020)
(360 -480 2020)
(480 -480 2020)
(600 -480 2020)
(-600 -360 2020)
(-480 -360 2020)
(-360 -360 2020)
(-240 -360 2020)
(-120 -360 2020)
(0 -360 2020)
(120 -360 2020)
(240 -360 2020)
(360 -360 2020)
(480 -360 2020)
(600 -360 2020)
(-600 -240 2020)
(-480 -240 2020)
(-360 -240 2020)
(-240 -240 2020)
(-120 -240 2020)
(0 -240 2020)
(120 -240 2020)
(240 -240 2020)
(360 -240 2020)
(480 -240 2020)
(600 -240 2020)
(-600 -120 2020)
(-480 -120 2020)
(-360 -120 2020)
(-240 -120 2020)
(-120 -120 2020)
(0 -120 2020)
(120 -120 2020)
(240 -120 2020)
(360 -120 2020)
(480 -120 2020)
(600 -120 2020)
(-600 0 2020)
(-480 0 2020)
(-360 0 2020)
(-240 0 2020)
(-120 0 2020)
(0 0 2020)
(120 0 2020)
(240 4.625929269e-15 2020)
(360 -4.625929269e-15 2020)
(480 6.938893904e-15 2020)
(600 0 2020)
(-600 120 2020)
(-480 120 2020)
(-360 120 2020)
(-240 120 2020)
(-120 120 2020)
(0 120 2020)
(120 120 2020)
(240 120 2020)
(360 120 2020)
(480 120 2020)
(600 120 2020)
(-600 240 2020)
(-480 240 2020)
(-360 240 2020)
(-240 240 2020)
(-120 240 2020)
(0 240 2020)
(120 240 2020)
(240 240 2020)
(360 240 2020)
(480 240 2020)
(600 240 2020)
(-600 360 2020)
(-480 360 2020)
(-360 360 2020)
(-240 360 2020)
(-120 360 2020)
(0 360 2020)
(120 360 2020)
(240 360 2020)
(360 360 2020)
(480 360 2020)
(600 360 2020)
(-600 480 2020)
(-480 480 2020)
(-360 480 2020)
(-240 480 2020)
(-120 480 2020)
(0 480 2020)
(120 480 2020)
(240 480 2020)
(360 480 2020)
(480 480 2020)
(600 480 2020)
(-600 600 2020)
(-480 600 2020)
(-360 600 2020)
(-240 600 2020)
(-120 600 2020)
(0 600 2020)
(120 600 2020)
(240 600 2020)
(360 600 2020)
(480 600 2020)
(600 600 2020)
(-600 -600 2260)
(-480 -600 2260)
(-360 -600 2260)
(-240 -600 2260)
(-120 -600 2260)
(0 -600 2260)
(120 -600 2260)
(240 -600 2260)
(360 -600 2260)
(480 -600 2260)
(600 -600 2260)
(-600 -480 2260)
(-480 -480 2260)
(-360 -480 2260)
(-240 -480 2260)
(-120 -480 2260)
(0 -480 2260)
(120 -480 2260)
(240 -480 2260)
(360 -480 2260)
(480 -480 2260)
(600 -480 2260)
(-600 -360 2260)
(-480 -360 2260)
(-360 -360 2260)
(-240 -360 2260)
(-120 -360 2260)
(0 -360 2260)
(120 -360 2260)
(240 -360 2260)
(360 -360 2260)
(480 -360 2260)
(600 -360 2260)
(-600 -240 2260)
(-480 -240 2260)
(-360 -240 2260)
(-240 -240 2260)
(-120 -240 2260)
(0 -240 2260)
(120 -240 2260)
(240 -240 2260)
(360 -240 2260)
(480 -240 2260)
(600 -240 2260)
(-600 -120 2260)
(-480 -120 2260)
(-360 -120 2260)
(-240 -120 2260)
(-120 -120 2260)
(0 -120 2260)
(120 -120 2260)
(240 -120 2260)
(360 -120 2260)
(480 -120 2260)
(600 -120 2260)
(-600 0 2260)
(-480 0 2260)
(-360 0 2260)
(-240 0 2260)
(-120 0 2260)
(0 0 2260)
(120 0 2260)
(240 4.625929269e-15 2260)
(360 -4.625929269e-15 2260)
(480 6.938893904e-15 2260)
(600 0 2260)
(-600 120 2260)
(-480 120 2260)
(-360 120 2260)
(-240 120 2260)
(-120 120 2260)
(0 120 2260)
(120 120 2260)
(240 120 2260)
(360 120 2260)
(480 120 2260)
(600 120 2260)
(-600 240 2260)
(-480 240 2260)
(-360 240 2260)
(-240 240 2260)
(-120 240 2260)
(0 240 2260)
(120 240 2260)
(240 240 2260)
(360 240 2260)
(480 240 2260)
(600 240 2260)
(-600 360 2260)
(-480 360 2260)
(-360 360 2260)
(-240 360 2260)
(-120 360 2260)
(0 360 2260)
(120 360 2260)
(240 360 2260)
(360 360 2260)
(480 360 2260)
(600 360 2260)
(-600 480 2260)
(-480 480 2260)
(-360 480 2260)
(-240 480 2260)
(-120 480 2260)
(0 480 2260)
(120 480 2260)
(240 480 2260)
(360 480 2260)
(480 480 2260)
(600 480 2260)
(-600 600 2260)
(-480 600 2260)
(-360 600 2260)
(-240 600 2260)
(-120 600 2260)
(0 600 2260)
(120 600 2260)
(240 600 2260)
(360 600 2260)
(480 600 2260)
(600 600 2260)
(-600 -600 2500)
(-480 -600 2500)
(-360 -600 2500)
(-240 -600 2500)
(-120 -600 2500)
(0 -600 2500)
(120 -600 2500)
(240 -600 2500)
(360 -600 2500)
(480 -600 2500)
(600 -600 2500)
(-600 -480 2500)
(-480 -480 2500)
(-360 -480 2500)
(-240 -480 2500)
(-120 -480 2500)
(0 -480 2500)
(120 -480 2500)
(240 -480 2500)
(360 -480 2500)
(480 -480 2500)
(600 -480 2500)
(-600 -360 2500)
(-480 -360 2500)
(-360 -360 2500)
(-240 -360 2500)
(-120 -360 2500)
(0 -360 2500)
(120 -360 2500)
(240 -360 2500)
(360 -360 2500)
(480 -360 2500)
(600 -360 2500)
(-600 -240 2500)
(-480 -240 2500)
(-360 -240 2500)
(-240 -240 2500)
(-120 -240 2500)
(0 -240 2500)
(120 -240 2500)
(240 -240 2500)
(360 -240 2500)
(480 -240 2500)
(600 -240 2500)
(-600 -120 2500)
(-480 -120 2500)
(-360 -120 2500)
(-240 -120 2500)
(-120 -120 2500)
(0 -120 2500)
(120 -120 2500)
(240 -120 2500)
(360 -120 2500)
(480 -120 2500)
(600 -120 2500)
(-600 0 2500)
(-480 0 2500)
(-360 0 2500)
(-240 0 2500)
(-120 0 2500)
(0 0 2500)
(120 0 2500)
(240 4.625929269e-15 2500)
(360 -4.625929269e-15 2500)
(480 6.938893904e-15 2500)
(600 0 2500)
(-600 120 2500)
(-480 120 2500)
(-360 120 2500)
(-240 120 2500)
(-120 120 2500)
(0 120 2500)
(120 120 2500)
(240 120 2500)
(360 120 2500)
(480 120 2500)
(600 120 2500)
(-600 240 2500)
(-480 240 2500)
(-360 240 2500)
(-240 240 2500)
(-120 240 2500)
(0 240 2500)
(120 240 2500)
(240 240 2500)
(360 240 2500)
(480 240 2500)
(600 240 2500)
(-600 360 2500)
(-480 360 2500)
(-360 360 2500)
(-240 360 2500)
(-120 360 2500)
(0 360 2500)
(120 360 2500)
(240 360 2500)
(360 360 2500)
(480 360 2500)
(600 360 2500)
(-600 480 2500)
(-480 480 2500)
(-360 480 2500)
(-240 480 2500)
(-120 480 2500)
(0 480 2500)
(120 480 2500)
(240 480 2500)
(360 480 2500)
(480 480 2500)
(600 480 2500)
(-600 600 2500)
(-480 600 2500)
(-360 600 2500)
(-240 600 2500)
(-120 600 2500)
(0 600 2500)
(120 600 2500)
(240 600 2500)
(360 600 2500)
(480 600 2500)
(600 600 2500)
)


// ************************************************************************* //
