/*--------------------------------*- C++ -*----------------------------------*\
| =========                 |                                                 |
| \\      /  F ield         | OpenFOAM: The Open Source CFD Toolbox           |
|  \\    /   O peration     | Version:  4.1                                   |
|   \\  /    A nd           | Web:      www.OpenFOAM.org                      |
|    \\/     M anipulation  |                                                 |
\*---------------------------------------------------------------------------*/
FoamFile
{
    version     2.0;
    format      ascii;
    class       volScalarField;
    location    "600";
    object      nut;
}
// * * * * * * * * * * * * * * * * * * * * * * * * * * * * * * * * * * * * * //

dimensions      [0 2 -1 0 0 0 0];

internalField   nonuniform List<scalar> 
1000
(
1.46118e+07
1.46118e+07
1.46118e+07
1.46118e+07
1.46118e+07
1.46118e+07
1.46118e+07
1.46118e+07
1.46118e+07
1.46118e+07
1.46118e+07
1.46118e+07
1.46118e+07
1.46118e+07
1.46118e+07
1.46118e+07
1.46118e+07
1.46118e+07
1.46118e+07
1.46118e+07
1.46118e+07
1.46118e+07
1.46118e+07
1.46118e+07
1.46118e+07
1.46118e+07
1.46118e+07
1.46118e+07
1.46118e+07
1.46118e+07
1.46118e+07
1.46118e+07
1.46118e+07
1.46118e+07
1.46118e+07
1.46118e+07
1.46118e+07
1.46118e+07
1.46118e+07
1.46118e+07
1.46118e+07
1.46118e+07
1.46118e+07
1.46118e+07
1.46118e+07
1.46118e+07
1.46118e+07
1.46118e+07
1.46118e+07
1.46118e+07
1.46118e+07
1.46118e+07
1.46118e+07
1.46118e+07
1.46118e+07
1.46118e+07
1.46118e+07
1.46118e+07
1.46118e+07
1.46118e+07
1.46118e+07
1.46118e+07
1.46118e+07
1.46118e+07
1.46118e+07
1.46118e+07
1.46118e+07
1.46118e+07
1.46118e+07
1.46118e+07
1.46118e+07
1.46118e+07
1.46118e+07
1.46118e+07
1.46118e+07
1.46118e+07
1.46118e+07
1.46118e+07
1.46118e+07
1.46118e+07
1.46118e+07
1.46118e+07
1.46118e+07
1.46118e+07
1.46118e+07
1.46118e+07
1.46118e+07
1.46118e+07
1.46118e+07
1.46118e+07
1.46118e+07
1.46118e+07
1.46118e+07
1.46118e+07
1.46118e+07
1.46118e+07
1.46118e+07
1.46118e+07
1.46118e+07
1.46118e+07
1.46118e+07
1.46118e+07
1.46118e+07
1.46118e+07
1.46118e+07
1.46118e+07
1.46118e+07
1.46118e+07
1.46118e+07
1.46118e+07
1.46118e+07
1.46118e+07
1.46118e+07
1.46118e+07
1.46118e+07
1.46118e+07
1.46118e+07
1.46118e+07
1.46118e+07
1.46118e+07
1.46118e+07
1.46118e+07
1.46118e+07
1.46118e+07
1.46118e+07
1.46118e+07
1.46118e+07
1.46118e+07
1.46118e+07
1.46118e+07
1.46118e+07
1.46118e+07
1.46118e+07
1.46118e+07
1.46118e+07
1.46118e+07
1.46118e+07
1.46118e+07
1.46118e+07
1.46118e+07
1.46118e+07
1.46118e+07
1.46118e+07
1.46118e+07
1.46118e+07
1.46118e+07
1.46118e+07
1.46118e+07
1.46118e+07
1.46118e+07
1.46118e+07
1.46118e+07
1.46118e+07
1.46118e+07
1.46118e+07
1.46118e+07
1.46118e+07
1.46118e+07
1.46118e+07
1.46118e+07
1.46118e+07
1.46118e+07
1.46118e+07
1.46118e+07
1.46118e+07
1.46118e+07
1.46118e+07
1.46118e+07
1.46118e+07
1.46118e+07
1.46118e+07
1.46118e+07
1.46118e+07
1.46118e+07
1.46118e+07
1.46118e+07
1.46118e+07
1.46118e+07
1.46118e+07
1.46118e+07
1.46118e+07
1.46118e+07
1.46118e+07
1.46118e+07
1.46118e+07
1.46118e+07
1.46118e+07
1.46118e+07
1.46118e+07
1.46118e+07
1.46118e+07
1.46118e+07
1.46118e+07
1.46118e+07
1.46118e+07
1.46118e+07
1.46118e+07
1.46118e+07
1.46118e+07
1.46118e+07
1.46118e+07
1.46118e+07
1.46118e+07
1.46118e+07
1.46118e+07
1.46118e+07
1.46118e+07
1.46118e+07
1.46118e+07
1.46118e+07
1.46118e+07
1.46118e+07
1.46118e+07
1.46118e+07
1.46118e+07
1.46118e+07
1.46118e+07
1.46118e+07
1.46118e+07
1.46118e+07
1.46118e+07
1.46118e+07
1.46118e+07
1.46118e+07
1.46118e+07
1.46118e+07
1.46118e+07
1.46118e+07
1.46118e+07
1.46118e+07
1.46118e+07
1.46118e+07
1.46118e+07
1.46118e+07
1.46118e+07
1.46118e+07
1.46118e+07
1.46118e+07
1.46118e+07
1.46118e+07
1.46118e+07
1.46118e+07
1.46118e+07
1.46118e+07
1.46118e+07
1.46118e+07
1.46118e+07
1.46118e+07
1.46118e+07
1.46118e+07
1.46118e+07
1.46118e+07
1.46118e+07
1.46118e+07
1.46118e+07
1.46118e+07
1.46118e+07
1.46118e+07
1.46118e+07
1.46118e+07
1.46118e+07
1.46118e+07
1.46118e+07
1.46118e+07
1.46118e+07
1.46118e+07
1.46118e+07
1.46118e+07
1.46118e+07
1.46118e+07
1.46118e+07
1.46118e+07
1.46118e+07
1.46118e+07
1.46118e+07
1.46118e+07
1.46118e+07
1.46118e+07
1.46118e+07
1.46118e+07
1.46118e+07
1.46118e+07
1.46118e+07
1.46118e+07
1.46118e+07
1.46118e+07
1.46118e+07
1.46118e+07
1.46118e+07
1.46118e+07
1.46118e+07
1.46118e+07
1.46118e+07
1.46118e+07
1.46118e+07
1.46118e+07
1.46118e+07
1.46118e+07
1.46118e+07
1.46118e+07
1.46118e+07
1.46118e+07
1.46118e+07
1.46118e+07
1.46118e+07
1.46118e+07
1.46118e+07
1.46118e+07
1.46118e+07
1.46118e+07
1.46118e+07
1.46118e+07
1.46118e+07
1.46118e+07
1.46118e+07
1.46118e+07
1.46118e+07
1.46118e+07
1.46118e+07
1.46118e+07
1.46118e+07
1.46118e+07
1.46118e+07
1.46118e+07
1.46118e+07
1.46118e+07
1.46118e+07
1.46118e+07
1.46118e+07
1.46118e+07
1.46118e+07
1.46118e+07
1.46118e+07
1.46118e+07
1.46118e+07
1.46118e+07
1.46118e+07
1.46118e+07
1.46118e+07
1.46118e+07
1.46118e+07
1.46118e+07
1.46118e+07
1.46118e+07
1.46118e+07
1.46118e+07
1.46118e+07
1.46118e+07
1.46118e+07
1.46118e+07
1.46118e+07
1.46118e+07
1.46118e+07
1.46118e+07
1.46118e+07
1.46118e+07
1.46118e+07
1.46118e+07
1.46118e+07
1.46118e+07
1.46118e+07
1.46118e+07
1.46118e+07
1.46118e+07
1.46118e+07
1.46118e+07
1.46118e+07
1.46118e+07
1.46118e+07
1.46118e+07
1.46118e+07
1.46118e+07
1.46118e+07
1.46118e+07
1.46118e+07
1.46118e+07
1.46118e+07
1.46118e+07
1.46118e+07
1.46118e+07
1.46118e+07
1.46118e+07
1.46118e+07
1.46118e+07
1.46118e+07
1.46118e+07
1.46118e+07
1.46118e+07
1.46118e+07
1.46118e+07
1.46118e+07
1.46118e+07
1.46118e+07
1.46118e+07
1.46118e+07
1.46118e+07
1.46118e+07
1.46118e+07
1.46118e+07
1.46118e+07
1.46118e+07
1.46118e+07
1.46118e+07
1.46118e+07
1.46118e+07
1.46118e+07
1.46118e+07
1.46118e+07
1.46118e+07
1.46118e+07
1.46118e+07
1.46118e+07
1.46118e+07
1.46118e+07
1.46118e+07
1.46118e+07
1.46118e+07
1.46118e+07
1.46118e+07
1.46118e+07
1.46118e+07
1.46118e+07
1.46118e+07
1.46118e+07
1.46118e+07
1.46118e+07
1.46118e+07
1.46118e+07
1.46118e+07
1.46118e+07
1.46118e+07
1.46118e+07
1.46118e+07
1.46118e+07
1.46118e+07
1.46118e+07
1.46118e+07
1.46118e+07
1.46118e+07
1.46118e+07
1.46118e+07
1.46118e+07
1.46118e+07
1.46118e+07
1.46118e+07
1.46118e+07
1.46118e+07
1.46118e+07
1.46118e+07
1.46118e+07
1.46118e+07
1.46118e+07
1.46118e+07
1.46118e+07
1.46118e+07
1.46118e+07
1.46118e+07
1.46118e+07
1.46118e+07
1.46118e+07
1.46118e+07
1.46118e+07
1.46118e+07
1.46118e+07
1.46118e+07
1.46118e+07
1.46118e+07
1.46118e+07
1.46118e+07
1.46118e+07
1.46118e+07
1.46118e+07
1.46118e+07
1.46118e+07
1.46118e+07
1.46118e+07
1.46118e+07
1.46118e+07
1.46118e+07
1.46118e+07
1.46118e+07
1.46118e+07
1.46118e+07
1.46118e+07
1.46118e+07
1.46118e+07
1.46118e+07
1.46118e+07
1.46118e+07
1.46118e+07
1.46118e+07
1.46118e+07
1.46118e+07
1.46118e+07
1.46118e+07
1.46118e+07
1.46118e+07
1.46118e+07
1.46118e+07
1.46118e+07
1.46118e+07
1.46118e+07
1.46118e+07
1.46118e+07
1.46118e+07
1.46118e+07
1.46118e+07
1.46118e+07
1.46118e+07
1.46118e+07
1.46118e+07
1.46118e+07
1.46118e+07
1.46118e+07
1.46118e+07
1.46118e+07
1.46118e+07
1.46118e+07
1.46118e+07
1.46118e+07
1.46118e+07
1.46118e+07
1.46118e+07
1.46118e+07
1.46118e+07
1.46118e+07
1.46118e+07
1.46118e+07
1.46118e+07
1.46118e+07
1.46118e+07
1.46118e+07
1.46118e+07
1.46118e+07
1.46118e+07
1.46118e+07
1.46118e+07
1.46118e+07
1.46118e+07
1.46118e+07
1.46118e+07
1.46118e+07
1.46118e+07
1.46118e+07
1.46118e+07
1.46118e+07
1.46118e+07
1.46118e+07
1.46118e+07
1.46118e+07
1.46118e+07
1.46118e+07
1.46118e+07
1.46118e+07
1.46118e+07
1.46118e+07
1.46118e+07
1.46118e+07
1.46118e+07
1.46118e+07
1.46118e+07
1.46118e+07
1.46118e+07
1.46118e+07
1.46118e+07
1.46118e+07
1.46118e+07
1.46118e+07
1.46118e+07
1.46118e+07
1.46118e+07
1.46118e+07
1.46118e+07
1.46118e+07
1.46118e+07
1.46118e+07
1.46118e+07
1.46118e+07
1.46118e+07
1.46118e+07
1.46118e+07
1.46118e+07
1.46118e+07
1.46118e+07
1.46118e+07
1.46118e+07
1.46118e+07
1.46118e+07
1.46118e+07
1.46118e+07
1.46118e+07
1.46118e+07
1.46118e+07
1.46118e+07
1.46118e+07
1.46118e+07
1.46118e+07
1.46118e+07
1.46118e+07
1.46118e+07
1.46118e+07
1.46118e+07
1.46118e+07
1.46118e+07
1.46118e+07
1.46118e+07
1.46118e+07
1.46118e+07
1.46118e+07
1.46118e+07
1.46118e+07
1.46118e+07
1.46118e+07
1.46118e+07
1.46118e+07
1.46118e+07
1.46118e+07
1.46118e+07
1.46118e+07
1.46118e+07
1.46118e+07
1.46118e+07
1.46118e+07
1.46118e+07
1.46118e+07
1.46118e+07
1.46118e+07
1.46118e+07
1.46118e+07
1.46118e+07
1.46118e+07
1.46118e+07
1.46118e+07
1.46118e+07
1.46118e+07
1.46118e+07
1.46118e+07
1.46118e+07
1.46118e+07
1.46118e+07
1.46118e+07
1.46118e+07
1.46118e+07
1.46118e+07
1.46118e+07
1.46118e+07
1.46118e+07
1.46118e+07
1.46118e+07
1.46118e+07
1.46118e+07
1.46118e+07
1.46118e+07
1.46118e+07
1.46118e+07
1.46118e+07
1.46118e+07
1.46118e+07
1.46118e+07
1.46118e+07
1.46118e+07
1.46118e+07
1.46118e+07
1.46118e+07
1.46118e+07
1.46118e+07
1.46118e+07
1.46118e+07
1.46118e+07
1.46118e+07
1.46118e+07
1.46118e+07
1.46118e+07
1.46118e+07
1.46118e+07
1.46118e+07
1.46118e+07
1.46118e+07
1.46118e+07
1.46118e+07
1.46118e+07
1.46118e+07
1.46118e+07
1.46118e+07
1.46118e+07
1.46118e+07
1.46118e+07
1.46118e+07
1.46118e+07
1.46118e+07
1.46118e+07
1.46118e+07
1.46118e+07
1.46118e+07
1.46118e+07
1.46118e+07
1.46118e+07
1.46118e+07
1.46118e+07
1.46118e+07
1.46118e+07
1.46118e+07
1.46118e+07
1.46118e+07
1.46118e+07
1.46118e+07
1.46118e+07
1.46118e+07
1.46118e+07
1.46118e+07
1.46118e+07
1.46118e+07
1.46118e+07
1.46118e+07
1.46118e+07
1.46118e+07
1.46118e+07
1.46118e+07
1.46118e+07
1.46118e+07
1.46118e+07
1.46118e+07
1.46118e+07
1.46118e+07
1.46118e+07
1.46118e+07
1.46118e+07
1.46118e+07
1.46118e+07
1.46118e+07
1.46118e+07
1.46118e+07
1.46118e+07
1.46118e+07
1.46118e+07
1.46118e+07
1.46118e+07
1.46118e+07
1.46118e+07
1.46118e+07
1.46118e+07
1.46118e+07
1.46118e+07
1.46118e+07
1.46118e+07
1.46118e+07
1.46118e+07
1.46118e+07
1.46118e+07
1.46118e+07
1.46118e+07
1.46118e+07
1.46118e+07
1.46118e+07
1.46118e+07
1.46118e+07
1.46118e+07
1.46118e+07
1.46118e+07
1.46118e+07
1.46118e+07
1.46118e+07
1.46118e+07
1.46118e+07
1.46118e+07
1.46118e+07
1.46118e+07
1.46118e+07
1.46118e+07
1.46118e+07
1.46118e+07
1.46118e+07
1.46118e+07
1.46118e+07
1.46118e+07
1.46118e+07
1.46118e+07
1.46118e+07
1.46118e+07
1.46118e+07
1.46118e+07
1.46118e+07
1.46118e+07
1.46118e+07
1.46118e+07
1.46118e+07
1.46118e+07
1.46118e+07
1.46118e+07
1.46118e+07
1.46118e+07
1.46118e+07
1.46118e+07
1.46118e+07
1.46118e+07
1.46118e+07
1.46118e+07
1.46118e+07
1.46118e+07
1.46118e+07
1.46118e+07
1.46118e+07
1.46118e+07
1.46118e+07
1.46118e+07
1.46118e+07
1.46118e+07
1.46118e+07
1.46118e+07
1.46118e+07
1.46118e+07
1.46118e+07
1.46118e+07
1.46118e+07
1.46118e+07
1.46118e+07
1.46118e+07
1.46118e+07
1.46118e+07
1.46118e+07
1.46118e+07
1.46118e+07
1.46118e+07
1.46118e+07
1.46118e+07
1.46118e+07
1.46118e+07
1.46118e+07
1.46118e+07
1.46118e+07
1.46118e+07
1.46118e+07
1.46118e+07
1.46118e+07
1.46118e+07
1.46118e+07
1.46118e+07
1.46118e+07
1.46118e+07
1.46118e+07
1.46118e+07
1.46118e+07
1.46118e+07
1.46118e+07
1.46118e+07
1.46118e+07
1.46118e+07
1.46118e+07
1.46118e+07
1.46118e+07
1.46118e+07
1.46118e+07
1.46118e+07
1.46118e+07
1.46118e+07
1.46118e+07
1.46118e+07
1.46118e+07
1.46118e+07
1.46118e+07
1.46118e+07
1.46118e+07
1.46118e+07
1.46118e+07
1.46118e+07
1.46118e+07
1.46118e+07
1.46118e+07
1.46118e+07
1.46118e+07
1.46118e+07
1.46118e+07
1.46118e+07
1.46118e+07
1.46118e+07
1.46118e+07
1.46118e+07
1.46118e+07
1.46118e+07
1.46118e+07
1.46118e+07
1.46118e+07
1.46118e+07
1.46118e+07
1.46118e+07
1.46118e+07
1.46118e+07
1.46118e+07
1.46118e+07
1.46118e+07
1.46118e+07
1.46118e+07
1.46118e+07
1.46118e+07
1.46118e+07
1.46118e+07
1.46118e+07
1.46118e+07
1.46118e+07
1.46118e+07
1.46118e+07
1.46118e+07
1.46118e+07
1.46118e+07
1.46118e+07
1.46118e+07
1.46118e+07
1.46118e+07
1.46118e+07
1.46118e+07
1.46118e+07
1.46118e+07
1.46118e+07
1.46118e+07
1.46118e+07
1.46118e+07
1.46118e+07
1.46118e+07
1.46118e+07
1.46118e+07
1.46118e+07
1.46118e+07
1.46118e+07
1.46118e+07
1.46118e+07
1.46118e+07
1.46118e+07
1.46118e+07
1.46118e+07
1.46118e+07
1.46118e+07
1.46118e+07
1.46118e+07
1.46118e+07
1.46118e+07
1.46118e+07
1.46118e+07
1.46118e+07
1.46118e+07
1.46118e+07
1.46118e+07
1.46118e+07
1.46118e+07
1.46118e+07
1.46118e+07
1.46118e+07
1.46118e+07
1.46118e+07
1.46118e+07
1.46118e+07
1.46118e+07
1.46118e+07
1.46118e+07
1.46118e+07
1.46118e+07
1.46118e+07
1.46118e+07
1.46118e+07
1.46118e+07
1.46118e+07
1.46118e+07
1.46118e+07
1.46118e+07
1.46118e+07
1.46118e+07
1.46118e+07
1.46118e+07
1.46118e+07
1.46118e+07
1.46118e+07
1.46118e+07
1.46118e+07
1.46118e+07
1.46118e+07
1.46118e+07
1.46118e+07
1.46118e+07
1.46118e+07
1.46118e+07
1.46118e+07
1.46118e+07
1.46118e+07
1.46118e+07
1.46118e+07
1.46118e+07
1.46118e+07
1.46118e+07
1.46118e+07
1.46118e+07
1.46118e+07
1.46118e+07
1.46118e+07
1.46118e+07
1.46118e+07
1.46118e+07
1.46118e+07
1.46118e+07
1.46118e+07
1.46118e+07
1.46118e+07
)
;

boundaryField
{
    defaultFaces
    {
        type            empty;
    }
}


// ************************************************************************* //
