/*--------------------------------*- C++ -*----------------------------------*\
| =========                 |                                                 |
| \\      /  F ield         | OpenFOAM: The Open Source CFD Toolbox           |
|  \\    /   O peration     | Version:  4.1                                   |
|   \\  /    A nd           | Web:      www.OpenFOAM.org                      |
|    \\/     M anipulation  |                                                 |
\*---------------------------------------------------------------------------*/
FoamFile
{
    version     2.0;
    format      ascii;
    class       faceSet;
    location    "3/polyMesh/sets";
    object      layerFaces;
}
// * * * * * * * * * * * * * * * * * * * * * * * * * * * * * * * * * * * * * //


2494
(
167937 
167939 
163844 
167941 
163847 
167944 
163850 
167947 
167950 
163855 
167955 
163859 
167957 
167959 
163863 
167962 
167964 
167966 
163870 
167969 
163875 
167972 
167975 
163880 
167980 
167982 
167984 
163889 
167987 
167989 
163893 
167991 
163897 
167994 
167997 
168000 
163904 
163907 
168005 
163910 
168007 
168009 
163915 
168012 
163919 
168017 
163923 
168022 
163930 
168031 
163935 
168034 
163940 
168037 
168042 
168043 
168044 
168045 
163949 
168047 
168049 
163953 
168052 
163957 
168056 
168060 
163964 
163967 
163970 
168067 
168069 
168071 
163975 
168074 
163980 
168077 
168080 
163985 
168085 
168089 
163994 
168093 
163998 
164002 
168100 
168103 
164009 
168106 
164013 
168111 
164017 
168114 
168117 
164024 
168122 
164027 
168124 
168126 
164030 
168129 
168130 
168131 
164035 
168132 
168135 
164039 
168138 
164043 
168143 
168146 
164050 
168149 
164054 
168154 
164058 
168156 
168158 
168161 
164065 
168163 
164068 
168165 
164071 
168168 
168172 
164076 
168176 
164080 
164084 
168183 
168186 
164091 
168189 
164095 
168194 
164099 
168196 
168198 
168201 
164106 
168205 
164111 
168209 
164116 
168216 
168218 
168220 
164125 
168223 
164128 
168225 
168227 
164131 
168230 
168232 
164136 
168234 
164140 
168237 
168238 
168239 
168240 
164144 
168244 
164151 
168248 
164154 
164157 
168255 
168258 
164162 
168261 
164167 
168266 
164172 
168270 
168274 
164181 
168281 
164185 
168285 
164189 
168289 
164196 
168296 
164200 
168299 
164204 
168302 
168307 
164211 
168308 
168309 
168310 
164215 
168312 
168314 
164219 
168317 
168320 
164226 
168323 
164229 
168328 
164232 
168330 
168332 
164237 
168335 
168337 
164242 
168339 
168342 
164247 
168346 
168350 
164256 
164260 
168357 
168359 
164264 
168361 
168364 
168367 
164271 
168370 
164274 
164277 
168375 
164282 
168379 
164285 
168383 
164288 
164293 
168390 
168392 
164297 
168394 
168397 
164301 
168399 
168401 
168404 
164308 
168406 
164311 
168408 
164314 
168411 
168412 
168413 
168414 
164319 
168418 
164323 
168422 
164327 
168429 
164334 
168432 
164338 
168435 
164342 
168440 
168444 
164349 
168448 
164353 
164357 
168455 
168458 
164364 
168461 
164369 
168466 
168469 
164374 
168472 
168477 
168478 
168479 
164383 
168480 
168482 
164386 
168484 
164389 
168487 
168490 
164394 
168493 
164398 
168498 
164402 
168500 
168502 
168505 
164409 
168507 
164412 
168509 
164415 
168512 
168515 
164420 
168518 
164424 
168523 
164428 
168526 
168529 
164435 
168534 
164438 
164441 
168539 
164446 
168544 
164448 
164450 
164453 
164456 
168553 
164459 
168556 
168559 
164464 
168564 
164468 
168566 
168568 
164472 
168571 
168572 
168573 
168574 
164479 
168576 
168578 
164482 
168581 
164485 
168582 
168583 
168584 
168586 
164490 
168588 
164493 
168591 
164496 
168594 
168597 
164501 
164504 
168602 
168603 
164507 
168604 
168605 
168608 
164512 
164514 
168611 
164516 
164519 
168616 
168618 
168620 
164524 
168623 
168624 
168625 
164529 
168626 
168628 
168630 
168633 
164538 
168635 
168637 
164541 
168640 
164544 
168641 
168642 
168643 
164549 
168646 
164551 
168649 
164553 
164556 
168654 
168655 
168656 
168657 
164561 
168658 
168659 
168660 
168662 
164566 
168664 
168667 
168669 
168671 
164575 
168674 
164579 
168676 
168678 
164583 
168681 
168682 
168683 
168684 
164590 
168687 
168690 
164594 
164598 
168695 
168698 
168701 
164605 
164608 
168706 
164611 
168709 
168712 
164616 
164620 
168717 
168718 
168719 
168720 
164624 
168724 
164631 
168728 
164634 
164637 
168735 
168738 
164642 
168741 
164646 
168746 
164650 
168750 
164657 
168754 
164662 
168761 
164667 
168764 
168767 
168772 
164676 
168774 
168776 
164680 
168779 
164684 
168781 
168783 
168786 
164691 
168788 
168790 
164694 
168793 
164697 
168795 
168797 
164702 
168800 
168801 
168802 
164706 
168803 
168805 
164710 
168807 
168810 
168812 
164717 
168814 
168817 
164722 
168820 
168823 
164727 
168828 
168831 
164736 
168834 
164740 
168839 
164744 
168841 
168843 
168846 
164751 
168848 
168850 
164755 
168853 
168855 
164759 
168857 
168860 
168861 
168862 
164766 
168863 
164769 
168867 
164772 
168871 
164777 
168878 
164782 
168881 
164787 
168884 
168889 
168892 
164796 
168895 
164800 
168900 
164804 
168901 
168902 
168903 
168905 
168907 
164811 
168910 
164815 
168912 
168914 
164819 
168917 
168919 
168921 
164826 
168924 
168926 
164830 
168928 
164834 
168931 
168933 
168935 
164841 
168938 
168940 
164845 
168942 
168945 
164849 
168948 
168951 
164856 
164859 
168956 
164862 
168960 
164867 
168964 
164872 
168971 
168973 
164877 
168975 
168978 
168979 
168980 
168981 
164886 
168984 
168987 
164891 
168992 
164896 
168994 
168996 
168999 
164905 
169003 
164909 
169007 
164913 
169014 
164920 
169017 
164923 
169020 
164926 
169025 
164931 
169028 
169031 
164935 
164939 
169036 
169040 
164946 
169044 
164951 
169051 
169052 
164956 
169053 
169054 
169056 
169058 
169061 
164965 
169063 
169065 
164969 
169068 
164973 
169070 
169072 
169075 
164980 
169077 
169079 
164984 
169082 
164988 
169085 
169088 
164995 
169093 
164999 
169096 
169099 
165003 
169104 
169106 
165010 
169108 
165013 
169111 
165016 
169114 
169117 
165021 
169122 
165026 
169123 
169124 
169125 
169126 
169127 
165031 
169128 
169130 
169132 
169135 
165040 
169137 
169139 
165044 
169142 
165048 
169145 
169148 
165055 
169153 
169154 
165058 
169155 
169156 
165061 
169160 
165066 
169164 
165069 
165072 
169171 
165077 
169174 
169177 
165081 
165085 
169182 
169184 
169186 
165092 
169189 
169191 
165095 
169193 
165098 
169196 
169198 
165103 
169200 
169203 
165107 
169204 
169205 
169206 
165111 
169208 
169210 
169213 
169214 
165118 
169215 
169216 
169219 
165123 
169222 
165128 
169227 
169229 
169231 
165137 
169234 
169236 
165140 
169238 
165143 
169241 
169242 
169243 
169244 
165148 
169248 
165152 
169252 
165156 
169259 
165163 
169261 
169263 
165168 
169266 
169269 
165173 
169272 
169277 
165182 
169280 
165184 
165186 
169283 
165189 
169288 
169289 
165193 
169290 
169291 
169292 
169293 
165197 
169294 
169296 
169298 
165204 
169301 
169303 
165207 
169305 
165210 
169308 
169311 
165215 
169314 
165219 
169319 
165223 
169320 
169321 
169322 
169325 
165230 
169328 
165235 
169333 
169336 
165240 
169339 
169344 
165249 
169346 
169348 
165252 
169351 
165255 
169353 
169355 
165260 
169358 
165262 
169359 
169360 
165264 
169361 
169362 
169363 
165267 
169364 
165270 
169367 
165273 
169370 
165278 
169375 
169377 
165282 
169379 
169382 
165286 
169384 
169386 
169389 
165293 
169390 
169391 
169392 
165296 
169394 
165299 
169396 
169399 
165304 
169402 
165307 
169405 
165310 
169410 
165315 
169412 
169414 
165318 
169417 
165321 
169420 
165326 
169423 
165328 
165330 
169428 
165333 
169430 
169432 
165338 
169435 
169436 
169437 
169438 
165343 
169440 
169442 
169445 
169447 
165352 
169449 
165355 
169452 
169454 
165358 
169456 
169459 
165363 
165365 
169462 
165367 
169465 
165370 
169470 
165375 
169472 
169474 
165380 
169477 
169479 
169481 
169484 
169485 
165389 
169486 
169487 
169489 
165393 
169491 
165397 
169494 
169496 
169498 
165404 
169501 
169503 
165408 
169505 
169508 
165412 
169509 
169510 
169511 
169514 
165419 
169517 
165422 
165425 
169522 
169526 
165430 
169530 
165434 
165438 
169537 
169539 
169541 
165445 
169544 
165448 
169545 
169546 
169547 
165451 
169550 
165456 
169553 
165460 
169558 
165464 
169562 
169566 
165471 
165476 
169573 
169575 
169577 
165481 
169580 
169582 
169584 
165490 
169587 
169589 
165494 
169591 
169594 
165498 
169596 
169598 
169601 
165505 
169603 
169605 
165510 
169608 
169609 
169610 
169611 
165515 
169613 
169615 
169618 
169620 
165524 
169622 
165527 
169625 
165530 
169628 
169631 
165535 
165538 
169636 
165541 
169639 
169642 
165546 
169647 
165551 
169649 
169651 
165556 
169654 
169657 
169660 
165565 
169665 
165569 
169666 
169667 
169668 
169669 
165573 
169670 
169671 
169675 
165580 
169679 
165585 
169686 
165590 
169689 
169692 
165599 
169697 
165602 
169700 
165605 
169703 
165610 
169708 
165613 
169711 
165616 
169714 
165621 
169719 
169721 
165625 
169723 
165629 
169726 
169728 
169730 
165636 
169733 
169734 
169735 
169736 
165640 
169738 
169740 
165644 
169743 
169745 
169747 
165651 
169750 
165655 
169752 
169754 
165659 
169757 
169759 
169761 
165666 
169764 
165669 
169767 
165672 
169770 
165677 
169775 
165681 
169778 
169781 
165685 
169786 
165692 
169789 
169792 
165696 
165700 
169797 
169798 
169799 
169800 
169803 
165707 
169806 
165710 
165713 
169811 
169813 
165718 
169815 
169818 
165722 
169820 
169822 
165726 
169825 
169829 
165733 
165736 
169833 
165739 
169840 
165744 
169843 
165748 
169846 
165752 
169851 
169854 
165759 
169857 
165763 
169862 
169863 
165767 
169864 
169865 
169867 
169869 
165774 
169872 
169874 
165779 
169876 
169879 
165784 
169881 
169883 
169886 
169888 
165793 
169890 
165796 
169893 
165799 
169896 
169899 
165804 
165807 
169904 
165810 
169907 
169910 
165815 
169915 
165820 
169917 
169919 
165825 
169922 
169924 
169926 
169929 
165834 
169931 
169933 
165839 
169936 
169937 
169938 
169939 
165844 
169941 
169943 
169946 
169948 
165853 
169950 
165856 
169953 
165859 
169956 
169959 
165864 
165867 
169964 
169965 
169966 
165870 
169967 
169970 
165875 
169973 
165878 
165881 
169978 
169981 
165886 
169984 
165888 
165890 
169989 
165893 
169992 
165897 
169995 
165901 
170000 
170001 
170002 
170003 
170004 
165908 
170005 
170006 
170007 
165911 
170008 
170009 
165914 
170012 
170015 
165919 
165922 
170020 
165925 
170022 
170024 
165930 
170027 
170029 
165934 
170031 
170034 
165938 
170035 
170036 
170037 
170040 
165945 
170043 
165948 
165951 
170048 
170051 
165956 
170054 
165960 
170059 
165964 
170063 
170067 
165971 
165974 
165977 
170074 
170075 
170076 
170077 
165982 
170079 
170081 
165986 
170084 
170085 
170086 
165990 
170087 
170089 
170091 
165997 
170094 
170096 
166000 
170098 
166003 
170101 
170104 
166008 
170107 
166012 
170112 
166016 
170113 
170114 
170115 
170118 
166023 
170121 
166026 
166029 
170126 
170129 
166034 
170132 
166036 
166038 
170137 
166041 
170139 
166044 
170141 
166047 
170144 
161953 
170146 
170148 
166052 
161957 
170151 
170152 
166056 
170153 
161961 
170154 
170155 
170156 
166060 
170157 
170160 
161968 
170163 
166067 
161973 
166070 
170168 
166073 
170170 
161978 
170172 
166078 
170175 
170177 
166081 
170179 
161987 
166084 
170182 
170183 
170184 
161992 
170185 
166089 
170187 
166091 
170189 
166093 
161997 
170192 
166096 
170195 
166099 
170198 
166102 
162006 
170203 
166107 
162011 
170205 
166109 
170207 
166111 
162016 
170210 
166114 
170213 
166117 
170216 
166120 
162025 
170221 
166125 
162030 
170223 
170225 
166130 
162035 
170228 
170230 
166135 
170232 
170235 
162044 
170237 
170239 
166144 
162048 
170242 
166147 
170244 
162052 
170246 
166150 
170249 
170250 
170251 
166155 
162059 
170252 
166158 
170255 
162064 
166161 
170258 
162069 
166166 
170263 
170265 
166169 
170267 
166172 
170270 
162078 
170272 
166177 
170274 
162083 
170277 
170278 
166182 
170279 
170280 
162088 
170282 
166187 
170284 
170287 
170289 
162097 
170291 
166196 
170294 
162102 
166199 
170296 
170298 
166202 
162107 
170301 
166207 
170304 
170307 
166212 
162116 
170312 
166217 
162121 
170315 
170318 
162126 
166226 
170323 
166229 
170326 
162135 
166232 
170329 
162140 
166237 
170334 
170335 
170336 
166240 
170337 
162145 
166243 
170341 
166248 
170345 
162154 
166251 
166254 
162159 
170352 
170355 
166259 
162164 
170358 
166264 
170363 
166269 
162173 
170367 
162177 
170371 
162181 
166278 
166280 
170378 
166282 
162188 
170381 
166285 
170384 
162192 
166289 
162196 
170389 
166293 
170391 
170393 
162203 
170396 
166300 
170397 
170398 
170399 
166304 
162208 
170401 
170403 
166308 
162213 
170406 
170408 
170410 
166315 
170413 
170414 
166318 
162222 
170415 
170416 
166321 
170418 
162227 
170420 
166326 
170423 
162232 
170425 
166329 
170427 
166332 
170430 
170432 
166337 
162241 
170434 
170437 
166341 
162245 
170439 
170441 
166345 
162249 
170444 
170446 
170448 
166352 
162256 
170451 
162259 
170452 
170453 
166357 
170454 
162262 
170458 
166362 
162267 
170462 
162271 
166371 
162275 
170469 
166373 
166375 
170472 
166378 
162282 
170475 
166382 
162286 
170480 
166386 
162290 
170483 
170486 
166393 
162297 
170491 
170493 
166397 
162301 
170495 
166401 
162305 
170498 
170500 
170502 
166408 
162312 
170505 
170506 
170507 
166411 
170508 
162316 
170510 
166414 
170512 
162320 
170515 
166419 
170517 
170519 
166423 
162327 
170522 
162330 
166427 
170524 
162333 
170526 
170529 
166434 
162338 
170532 
166437 
170535 
162343 
166440 
170540 
162348 
166445 
170543 
166448 
170546 
166451 
162357 
170551 
166456 
162361 
170554 
166460 
170557 
162365 
166464 
170562 
170563 
170564 
162372 
170565 
166471 
170568 
166472 
166473 
162377 
166474 
170571 
166478 
162382 
170576 
170578 
166482 
170580 
170583 
162391 
166489 
170587 
162396 
166493 
170591 
166497 
162401 
170598 
166504 
170601 
162410 
170604 
166508 
162414 
166512 
170609 
162418 
170611 
170613 
166519 
170616 
162425 
166522 
170619 
162428 
166525 
170622 
162431 
166530 
170627 
162436 
170629 
166534 
170631 
162440 
170634 
166538 
170636 
162444 
170638 
170641 
166545 
170643 
166547 
162451 
170645 
166549 
162455 
170648 
166552 
170650 
166555 
162459 
170652 
166558 
170655 
170657 
162466 
170659 
166563 
170662 
162470 
166567 
170664 
170666 
162474 
166571 
170669 
170670 
170671 
170672 
162481 
170674 
166578 
170676 
166581 
162485 
170679 
166584 
170681 
162489 
170683 
166589 
170686 
166592 
162496 
170689 
166595 
162499 
170692 
162502 
166600 
170697 
170698 
170699 
166603 
162507 
170700 
166606 
170704 
162512 
166611 
170708 
162517 
166614 
166617 
170715 
170717 
166622 
162526 
170719 
166624 
170722 
166626 
162530 
170725 
166629 
162534 
166631 
170728 
166633 
166636 
170733 
162541 
170735 
166639 
170737 
166642 
162546 
170740 
170742 
166647 
162551 
170744 
170747 
170748 
166652 
170749 
170750 
170752 
162560 
166657 
170754 
170757 
162565 
170758 
170759 
170760 
170762 
166666 
162570 
170764 
166668 
166670 
170767 
170769 
166673 
170771 
162579 
166676 
170774 
170775 
166679 
162583 
170776 
170777 
162587 
170780 
166684 
166686 
170783 
166688 
162594 
166691 
170788 
162597 
170791 
166695 
162600 
170794 
166699 
162605 
170799 
162609 
166706 
170803 
166709 
162613 
170807 
166712 
162620 
166717 
170814 
170815 
170816 
166720 
162624 
170817 
170819 
166723 
162628 
170821 
170824 
166728 
170825 
170826 
166730 
170827 
162635 
166732 
170829 
162638 
170831 
166735 
162641 
170834 
166738 
170836 
166741 
170838 
162646 
170841 
162649 
166746 
170844 
162652 
166749 
170847 
166752 
162657 
170852 
170853 
166757 
162661 
170854 
170855 
166761 
162665 
170858 
170861 
166765 
162672 
170866 
162675 
166772 
170869 
162678 
170872 
166776 
162683 
166780 
170877 
162687 
170880 
170883 
166787 
162691 
166791 
170888 
170889 
170890 
162698 
170891 
166795 
170892 
170893 
170894 
162702 
170895 
170896 
170897 
166802 
162706 
170899 
170901 
166805 
170904 
166808 
162713 
170906 
170908 
162716 
166813 
170911 
166815 
162719 
170912 
170913 
166817 
170914 
170915 
170916 
166820 
162724 
170917 
166824 
162728 
166828 
162732 
170926 
166835 
162739 
170933 
166839 
162743 
166843 
162747 
170942 
166850 
162754 
170949 
162757 
166855 
162760 
170956 
166860 
162765 
162770 
166869 
162775 
170968 
166873 
166877 
170976 
162784 
166884 
162789 
170982 
166887 
170986 
166890 
162794 
166895 
166898 
162803 
166901 
162808 
166906 
166908 
162813 
166910 
166913 
166917 
162822 
166921 
162827 
166928 
162832 
166930 
166932 
166935 
166937 
162841 
166939 
162845 
166942 
162849 
166947 
166952 
162856 
162861 
166961 
162866 
166964 
166967 
162875 
166972 
166975 
162879 
166978 
162883 
166983 
166985 
162890 
166987 
166990 
162895 
166992 
166994 
162900 
166997 
167001 
167005 
162909 
162914 
167012 
167014 
162919 
167016 
167019 
167022 
162928 
167025 
162933 
167030 
167032 
167034 
162938 
167037 
167040 
167043 
162947 
167048 
162952 
167051 
162957 
167054 
167059 
167062 
162966 
167065 
162971 
167070 
167072 
162976 
167074 
167077 
167081 
162985 
167085 
162990 
162995 
167092 
167096 
167100 
163004 
163009 
167107 
167110 
163014 
167113 
167118 
163023 
167120 
167122 
163027 
167125 
163031 
167129 
167133 
163038 
163043 
167140 
167143 
163048 
167146 
167151 
163057 
167154 
167157 
163061 
163065 
167162 
167164 
167166 
163072 
167169 
167171 
163076 
167173 
167176 
163080 
167179 
167182 
163087 
167187 
163092 
167189 
167191 
163097 
167194 
167198 
167202 
163106 
163110 
167209 
163114 
167212 
167215 
163121 
167220 
163125 
167225 
163129 
167230 
163136 
163140 
167239 
163144 
167243 
167247 
163151 
163155 
167254 
163159 
167257 
167260 
163166 
167265 
163169 
167268 
163172 
167271 
163177 
167276 
163180 
167278 
163183 
167280 
167283 
167284 
163188 
167285 
167286 
163192 
167290 
163196 
167294 
163203 
167301 
163205 
163207 
167304 
163210 
167307 
163214 
167312 
163218 
167315 
167318 
163225 
167323 
163229 
167327 
163233 
167331 
163240 
167338 
163243 
167342 
163246 
167346 
163251 
163254 
167353 
163257 
167355 
167357 
163262 
167360 
163265 
167363 
163268 
167366 
163273 
167371 
163275 
167373 
163277 
167375 
163280 
167378 
167380 
163285 
167382 
167385 
163290 
167388 
167391 
163299 
167396 
167399 
163303 
167402 
163307 
167407 
163314 
167411 
167415 
163319 
163324 
167422 
167425 
167428 
163333 
167433 
163337 
167435 
167437 
163341 
167440 
167443 
163348 
167446 
163352 
167451 
163356 
167453 
167455 
167458 
163363 
167460 
167462 
163366 
167465 
163369 
167467 
167469 
163374 
167472 
163377 
167475 
163380 
167478 
163385 
167483 
163389 
167486 
167489 
163393 
167494 
167496 
163400 
167498 
163402 
163404 
167501 
163407 
167504 
167507 
163412 
167512 
163417 
167515 
167518 
163426 
167523 
163430 
167528 
163434 
167533 
163441 
163444 
167542 
163447 
167545 
167548 
163452 
163456 
167553 
167554 
167555 
167556 
163460 
167558 
167560 
167563 
163467 
163471 
167568 
163475 
167573 
163482 
163485 
167582 
163488 
167585 
167588 
163493 
163496 
167593 
167595 
163499 
167597 
167600 
163504 
167601 
167602 
167603 
163508 
167607 
163512 
167611 
163519 
163521 
167618 
163523 
167620 
167622 
163526 
167625 
167627 
163531 
167629 
167632 
163536 
167634 
167636 
167639 
163545 
167642 
167645 
163549 
163553 
167650 
167653 
167656 
163560 
167661 
163565 
167665 
163570 
167669 
163579 
167676 
167679 
163583 
167682 
163587 
167687 
167690 
163594 
167693 
163597 
163600 
167698 
167701 
163605 
167704 
163609 
167709 
163613 
167711 
167713 
167716 
163620 
167718 
163622 
167720 
163624 
167723 
163627 
167725 
167727 
163631 
167730 
163635 
167732 
167734 
167737 
163642 
167740 
167743 
163647 
167748 
163652 
167751 
167754 
163661 
167759 
167761 
163666 
167763 
167766 
163671 
167769 
167772 
163680 
167777 
167780 
163684 
167783 
163688 
167788 
167791 
163695 
167794 
163699 
167799 
163703 
167804 
163710 
167809 
163713 
163716 
163721 
167818 
163724 
167821 
163727 
167824 
163732 
167829 
167830 
167831 
167832 
163736 
167834 
167836 
163740 
167839 
167842 
163747 
167845 
163749 
163751 
167850 
163754 
167851 
167852 
167853 
167855 
163759 
167857 
167860 
163764 
167864 
167868 
163773 
163777 
167875 
163781 
167878 
167881 
163788 
167886 
167888 
163792 
167890 
163796 
167893 
167895 
167897 
163803 
167900 
167903 
163807 
167906 
163811 
167911 
167914 
163818 
167917 
163821 
163824 
167922 
163829 
167926 
163833 
167930 
163837 
)

// ************************************************************************* //
