/*--------------------------------*- C++ -*----------------------------------*\
| =========                 |                                                 |
| \\      /  F ield         | OpenFOAM: The Open Source CFD Toolbox           |
|  \\    /   O peration     | Version:  4.1                                   |
|   \\  /    A nd           | Web:      www.OpenFOAM.org                      |
|    \\/     M anipulation  |                                                 |
\*---------------------------------------------------------------------------*/
FoamFile
{
    version     2.0;
    format      ascii;
    class       faceSet;
    location    "3/polyMesh/sets";
    object      layerFaces;
}
// * * * * * * * * * * * * * * * * * * * * * * * * * * * * * * * * * * * * * //


1284
(
194560 
190465 
192515 
190467 
190469 
194567 
192519 
190472 
190474 
192523 
190476 
190479 
194576 
192530 
190484 
192534 
194583 
194585 
190489 
192538 
194588 
192545 
190498 
192548 
194597 
190501 
192551 
190504 
192556 
194605 
190509 
192560 
190514 
192564 
190519 
192571 
194621 
192575 
190528 
194625 
190530 
192579 
190532 
194630 
190535 
190536 
190537 
194634 
192586 
190538 
192588 
192590 
190542 
194639 
192593 
194642 
190546 
194645 
192597 
192601 
190553 
194650 
194651 
194652 
190556 
194653 
190559 
192608 
194657 
192612 
190564 
194662 
192616 
194665 
190569 
194670 
190574 
192623 
192625 
194674 
192627 
194678 
192630 
190583 
192633 
194683 
190587 
192636 
194686 
190591 
192641 
194691 
192645 
190598 
192649 
190601 
194700 
190604 
194704 
192656 
190609 
192658 
192660 
190612 
194711 
192663 
190615 
194713 
192666 
194716 
190620 
192669 
194719 
190623 
194722 
192674 
190626 
192678 
194727 
190631 
192682 
190634 
190637 
194736 
192689 
190642 
192691 
194741 
192693 
190647 
192696 
194746 
192699 
190652 
194749 
192702 
194752 
194753 
192707 
190661 
192711 
190665 
194762 
192715 
194765 
190669 
192722 
194771 
190676 
192725 
190679 
192728 
194777 
190682 
192733 
190687 
192736 
190690 
192739 
194789 
190693 
192744 
194794 
190698 
192748 
194797 
190703 
194800 
192752 
194804 
190708 
192759 
194810 
192762 
192765 
190717 
194816 
190720 
194818 
192770 
190723 
194821 
192773 
194822 
194823 
194824 
192776 
190728 
194825 
190731 
194829 
192781 
190734 
192785 
194834 
194835 
190739 
194836 
194837 
192789 
190744 
194841 
192796 
190749 
194846 
192798 
194847 
194848 
192800 
194849 
192803 
194852 
190758 
192807 
190761 
192811 
190764 
190769 
192818 
192822 
190774 
192826 
190779 
192833 
192835 
190788 
192837 
190791 
192840 
190794 
192843 
192846 
190799 
190801 
192851 
190803 
190806 
192855 
190808 
190810 
192859 
190813 
190815 
190817 
192866 
192868 
190820 
190821 
192870 
190822 
190823 
192873 
192876 
190828 
192879 
190835 
192884 
190838 
192888 
190841 
192892 
192899 
192901 
192903 
192906 
192909 
190862 
192912 
190868 
192917 
192921 
192925 
190877 
190882 
192932 
192935 
192938 
190890 
192943 
190896 
192946 
192949 
190905 
192954 
192958 
190910 
192962 
190914 
190918 
192969 
192972 
190925 
192975 
190928 
190931 
192980 
192983 
190936 
192986 
190941 
192991 
190946 
192995 
192999 
190955 
193006 
190959 
193008 
193010 
190963 
193013 
193017 
190970 
193021 
190973 
190976 
193028 
190981 
193032 
190984 
190987 
193036 
190992 
193043 
193045 
190997 
193047 
193050 
191002 
193053 
193056 
191011 
193061 
191016 
193065 
193069 
191021 
193076 
193078 
191030 
193080 
191034 
193083 
193086 
191038 
193089 
191045 
193094 
191048 
193098 
191051 
193102 
191056 
191059 
193109 
191062 
193111 
193113 
191067 
193116 
193118 
193120 
191072 
193123 
193125 
191077 
193127 
193130 
193133 
191086 
193136 
191091 
193141 
193144 
191096 
193147 
193152 
191105 
193154 
193156 
191108 
193159 
191111 
193161 
193163 
191116 
193166 
193168 
191120 
193170 
191124 
193173 
193174 
193175 
193176 
193179 
191131 
193182 
191136 
193187 
193189 
191141 
193191 
193194 
193196 
193198 
191150 
193201 
191153 
193203 
191156 
193205 
193208 
193209 
191161 
193210 
193211 
191163 
191165 
193214 
191168 
193217 
191170 
191172 
193222 
191175 
191177 
193226 
191179 
193230 
191182 
191185 
191188 
193237 
193238 
193239 
193240 
191193 
193242 
193244 
191198 
193247 
193250 
193253 
191205 
191208 
193258 
191211 
193260 
193262 
193265 
193266 
193267 
193268 
193270 
193272 
193275 
191228 
193278 
193281 
191234 
193286 
193288 
193290 
191243 
193293 
193296 
191249 
193299 
191252 
191255 
193304 
193306 
191258 
193308 
193311 
193312 
191264 
193313 
193314 
193316 
193318 
193321 
191273 
193323 
193325 
191278 
193328 
193331 
193334 
191288 
193339 
191292 
193342 
191296 
193345 
193350 
191303 
193352 
193354 
191306 
193357 
191309 
193359 
193361 
191314 
193364 
193366 
191319 
193368 
193371 
193372 
191324 
193373 
193374 
193377 
193380 
191333 
193385 
191337 
193387 
193389 
191341 
193392 
193394 
193396 
191348 
193399 
191351 
193401 
191354 
193403 
193406 
193407 
191359 
193408 
193409 
191362 
193412 
191365 
193415 
191370 
193420 
191374 
193424 
191378 
193428 
191385 
193435 
193436 
193437 
193438 
191390 
193440 
193442 
191395 
193445 
193448 
193451 
191404 
193456 
191408 
193458 
193460 
191412 
193463 
193464 
193465 
193466 
191419 
193468 
193470 
191422 
193473 
191425 
193476 
191430 
193479 
191433 
193484 
191436 
193486 
193488 
191441 
193491 
193494 
191446 
193497 
191451 
193502 
193504 
193506 
191460 
193509 
193510 
193511 
193512 
191465 
193516 
191470 
193520 
193523 
193526 
191479 
193529 
191482 
193532 
191485 
193535 
193538 
191490 
191492 
191494 
191497 
193547 
191499 
191501 
193550 
191504 
193553 
191508 
193558 
191512 
193561 
193564 
191519 
193569 
193570 
193571 
193572 
191524 
193573 
193574 
193575 
191529 
193578 
193583 
193585 
191538 
193588 
193589 
191541 
193591 
191544 
193593 
193596 
191549 
193598 
191551 
193600 
191553 
193603 
193604 
191556 
193605 
193606 
191558 
191560 
193609 
191563 
193614 
191566 
193616 
191569 
193619 
193620 
193622 
191574 
193624 
193627 
191579 
193629 
193631 
193634 
191586 
191589 
193638 
191592 
193642 
193649 
193652 
193655 
193660 
191613 
193662 
193664 
193667 
191619 
193669 
193671 
193674 
193676 
191628 
193678 
193681 
191634 
193683 
193685 
191637 
193688 
191640 
193691 
191643 
193694 
191649 
193699 
193702 
193705 
191658 
193710 
193711 
191663 
193712 
193713 
193714 
193715 
193716 
193718 
191671 
193720 
193723 
191676 
193725 
193727 
193730 
191683 
193732 
193734 
191686 
193737 
191689 
193740 
193743 
193748 
193751 
193754 
191710 
193759 
193760 
193761 
193762 
193763 
193764 
191716 
193765 
193767 
193769 
193772 
191725 
193775 
193778 
191731 
191734 
193783 
193785 
193787 
191740 
193790 
193793 
191746 
193796 
193801 
193802 
193803 
191755 
193804 
193805 
193806 
193807 
191760 
193809 
193811 
191764 
193814 
193816 
191768 
193818 
193821 
191775 
193824 
193827 
191779 
191783 
193832 
193833 
193834 
193835 
193836 
193837 
193838 
191790 
193842 
191795 
193845 
193848 
191800 
193851 
193854 
191809 
191814 
193863 
193866 
191819 
193869 
193874 
191828 
193877 
193880 
191832 
191836 
193885 
193886 
193887 
193888 
193889 
193890 
193891 
191843 
193893 
191847 
193896 
193898 
191851 
193901 
193902 
193905 
191858 
193908 
191863 
193913 
193914 
193915 
193916 
191868 
193917 
193918 
193919 
193922 
191877 
193927 
193929 
191882 
193932 
193933 
193935 
191887 
193937 
193940 
193944 
191896 
193948 
191900 
191904 
193955 
193959 
191911 
193963 
191915 
191919 
189873 
193970 
193972 
193974 
191926 
189878 
193977 
191929 
193979 
189883 
191932 
193981 
193984 
191937 
193986 
193988 
191940 
189892 
193991 
191943 
193993 
189897 
193995 
191948 
193998 
189902 
194000 
191952 
194002 
191956 
194005 
189911 
194008 
194011 
191963 
189915 
191967 
189919 
194016 
194019 
191971 
194022 
189926 
191978 
189930 
194027 
194028 
194029 
191981 
194030 
189934 
194031 
194032 
191984 
194033 
194035 
194037 
191989 
189941 
194040 
191993 
194042 
189946 
194044 
191997 
194047 
189951 
194049 
194051 
192004 
194054 
192007 
189960 
194057 
192010 
194060 
189965 
192015 
194065 
192018 
189970 
194068 
192021 
194071 
192026 
189979 
194076 
194077 
194078 
192030 
194079 
189983 
194080 
194081 
194082 
192034 
189987 
194084 
194086 
194089 
192041 
189994 
194091 
194093 
192045 
189998 
194096 
192049 
194098 
190002 
194100 
194103 
192056 
194105 
190009 
194107 
192059 
194110 
192062 
194111 
194112 
194113 
194115 
192067 
190019 
194117 
192071 
190023 
194120 
194122 
192075 
190027 
194124 
194127 
194129 
192082 
194131 
190036 
192085 
194134 
194136 
192088 
190041 
194138 
194141 
192093 
194142 
190046 
194143 
194144 
192096 
192099 
194148 
194151 
190055 
192104 
192108 
190060 
194158 
192112 
194161 
190065 
194164 
192119 
194169 
192122 
190074 
194172 
192125 
190078 
194175 
192130 
190082 
194180 
194181 
194182 
192134 
194183 
194184 
194185 
190089 
194186 
192138 
194188 
190093 
194191 
194193 
192145 
190097 
194196 
194197 
192149 
194200 
190104 
192153 
194203 
194208 
192160 
190114 
194211 
192163 
194214 
192166 
190118 
190122 
194219 
192171 
194220 
194221 
194222 
192174 
194223 
194224 
194225 
192177 
190131 
194228 
190136 
194233 
192186 
194235 
190141 
194238 
194239 
192194 
194243 
192197 
194246 
190150 
192200 
194249 
190155 
194252 
190160 
192209 
194259 
194262 
192215 
194265 
190169 
192218 
192221 
190173 
194270 
194273 
190177 
194276 
192229 
190184 
194281 
194282 
194283 
194284 
190188 
194285 
194286 
192238 
194287 
190192 
194289 
194292 
192244 
194294 
190199 
192248 
194297 
194298 
192252 
194301 
194304 
190209 
192259 
194309 
190213 
192263 
194312 
190217 
194315 
192267 
194320 
194321 
194322 
192274 
190226 
194323 
194324 
192276 
194325 
194326 
192278 
194328 
192281 
194331 
190236 
194333 
192285 
194336 
190240 
194337 
192289 
190244 
194341 
192296 
194348 
192300 
190253 
194351 
192304 
190257 
194356 
190261 
192311 
192313 
194363 
192315 
190268 
192318 
190271 
194368 
192322 
190274 
192326 
190279 
194380 
190284 
192333 
192337 
190289 
192341 
190298 
192348 
190302 
192351 
192354 
190306 
192359 
190313 
192363 
190316 
192367 
190319 
194417 
190324 
192374 
190327 
192378 
190330 
194429 
192382 
190335 
190338 
194436 
192389 
190341 
192392 
190346 
192395 
194445 
190349 
192400 
190352 
194450 
192404 
194453 
190357 
192408 
190362 
194460 
192415 
190367 
194465 
192419 
194470 
192423 
190376 
190380 
192430 
194479 
192432 
190384 
192434 
192437 
194486 
190391 
192441 
194490 
190394 
192445 
190397 
190402 
194499 
192452 
190405 
192456 
190408 
192460 
194509 
190413 
190416 
192467 
190419 
192469 
192471 
190424 
194521 
192474 
190427 
192478 
190430 
192482 
190435 
194532 
190440 
192489 
192493 
190445 
192497 
194549 
190454 
192504 
194553 
190457 
192507 
190460 
192510 
)

// ************************************************************************* //
