/*--------------------------------*- C++ -*----------------------------------*\
| =========                 |                                                 |
| \\      /  F ield         | OpenFOAM: The Open Source CFD Toolbox           |
|  \\    /   O peration     | Version:  4.1                                   |
|   \\  /    A nd           | Web:      www.OpenFOAM.org                      |
|    \\/     M anipulation  |                                                 |
\*---------------------------------------------------------------------------*/
FoamFile
{
    version     2.0;
    format      ascii;
    class       labelList;
    location    "constant/polyMesh";
    object      cellProcAddressing;
}
// * * * * * * * * * * * * * * * * * * * * * * * * * * * * * * * * * * * * * //


2000
(
200
201
202
203
204
205
206
207
208
209
220
221
222
223
224
225
226
227
228
229
240
241
242
243
244
245
246
247
248
249
260
261
262
263
264
265
266
267
268
269
280
281
282
283
284
285
286
287
288
289
300
301
302
303
304
305
306
307
308
309
320
321
322
323
324
325
326
327
328
329
340
341
342
343
344
345
346
347
348
349
360
361
362
363
364
365
366
367
368
369
380
381
382
383
384
385
386
387
388
389
600
601
602
603
604
605
606
607
608
609
620
621
622
623
624
625
626
627
628
629
640
641
642
643
644
645
646
647
648
649
660
661
662
663
664
665
666
667
668
669
680
681
682
683
684
685
686
687
688
689
700
701
702
703
704
705
706
707
708
709
720
721
722
723
724
725
726
727
728
729
740
741
742
743
744
745
746
747
748
749
760
761
762
763
764
765
766
767
768
769
780
781
782
783
784
785
786
787
788
789
1000
1001
1002
1003
1004
1005
1006
1007
1008
1009
1020
1021
1022
1023
1024
1025
1026
1027
1028
1029
1040
1041
1042
1043
1044
1045
1046
1047
1048
1049
1060
1061
1062
1063
1064
1065
1066
1067
1068
1069
1080
1081
1082
1083
1084
1085
1086
1087
1088
1089
1100
1101
1102
1103
1104
1105
1106
1107
1108
1109
1120
1121
1122
1123
1124
1125
1126
1127
1128
1129
1140
1141
1142
1143
1144
1145
1146
1147
1148
1149
1160
1161
1162
1163
1164
1165
1166
1167
1168
1169
1180
1181
1182
1183
1184
1185
1186
1187
1188
1189
1400
1401
1402
1403
1404
1405
1406
1407
1408
1409
1420
1421
1422
1423
1424
1425
1426
1427
1428
1429
1440
1441
1442
1443
1444
1445
1446
1447
1448
1449
1460
1461
1462
1463
1464
1465
1466
1467
1468
1469
1480
1481
1482
1483
1484
1485
1486
1487
1488
1489
1500
1501
1502
1503
1504
1505
1506
1507
1508
1509
1520
1521
1522
1523
1524
1525
1526
1527
1528
1529
1540
1541
1542
1543
1544
1545
1546
1547
1548
1549
1560
1561
1562
1563
1564
1565
1566
1567
1568
1569
1580
1581
1582
1583
1584
1585
1586
1587
1588
1589
1800
1801
1802
1803
1804
1805
1806
1807
1808
1809
1820
1821
1822
1823
1824
1825
1826
1827
1828
1829
1840
1841
1842
1843
1844
1845
1846
1847
1848
1849
1860
1861
1862
1863
1864
1865
1866
1867
1868
1869
1880
1881
1882
1883
1884
1885
1886
1887
1888
1889
1900
1901
1902
1903
1904
1905
1906
1907
1908
1909
1920
1921
1922
1923
1924
1925
1926
1927
1928
1929
1940
1941
1942
1943
1944
1945
1946
1947
1948
1949
1960
1961
1962
1963
1964
1965
1966
1967
1968
1969
1980
1981
1982
1983
1984
1985
1986
1987
1988
1989
2200
2201
2202
2203
2204
2205
2206
2207
2208
2209
2220
2221
2222
2223
2224
2225
2226
2227
2228
2229
2240
2241
2242
2243
2244
2245
2246
2247
2248
2249
2260
2261
2262
2263
2264
2265
2266
2267
2268
2269
2280
2281
2282
2283
2284
2285
2286
2287
2288
2289
2300
2301
2302
2303
2304
2305
2306
2307
2308
2309
2320
2321
2322
2323
2324
2325
2326
2327
2328
2329
2340
2341
2342
2343
2344
2345
2346
2347
2348
2349
2360
2361
2362
2363
2364
2365
2366
2367
2368
2369
2380
2381
2382
2383
2384
2385
2386
2387
2388
2389
2600
2601
2602
2603
2604
2605
2606
2607
2608
2609
2620
2621
2622
2623
2624
2625
2626
2627
2628
2629
2640
2641
2642
2643
2644
2645
2646
2647
2648
2649
2660
2661
2662
2663
2664
2665
2666
2667
2668
2669
2680
2681
2682
2683
2684
2685
2686
2687
2688
2689
2700
2701
2702
2703
2704
2705
2706
2707
2708
2709
2720
2721
2722
2723
2724
2725
2726
2727
2728
2729
2740
2741
2742
2743
2744
2745
2746
2747
2748
2749
2760
2761
2762
2763
2764
2765
2766
2767
2768
2769
2780
2781
2782
2783
2784
2785
2786
2787
2788
2789
3000
3001
3002
3003
3004
3005
3006
3007
3008
3009
3020
3021
3022
3023
3024
3025
3026
3027
3028
3029
3040
3041
3042
3043
3044
3045
3046
3047
3048
3049
3060
3061
3062
3063
3064
3065
3066
3067
3068
3069
3080
3081
3082
3083
3084
3085
3086
3087
3088
3089
3100
3101
3102
3103
3104
3105
3106
3107
3108
3109
3120
3121
3122
3123
3124
3125
3126
3127
3128
3129
3140
3141
3142
3143
3144
3145
3146
3147
3148
3149
3160
3161
3162
3163
3164
3165
3166
3167
3168
3169
3180
3181
3182
3183
3184
3185
3186
3187
3188
3189
3400
3401
3402
3403
3404
3405
3406
3407
3408
3409
3420
3421
3422
3423
3424
3425
3426
3427
3428
3429
3440
3441
3442
3443
3444
3445
3446
3447
3448
3449
3460
3461
3462
3463
3464
3465
3466
3467
3468
3469
3480
3481
3482
3483
3484
3485
3486
3487
3488
3489
3500
3501
3502
3503
3504
3505
3506
3507
3508
3509
3520
3521
3522
3523
3524
3525
3526
3527
3528
3529
3540
3541
3542
3543
3544
3545
3546
3547
3548
3549
3560
3561
3562
3563
3564
3565
3566
3567
3568
3569
3580
3581
3582
3583
3584
3585
3586
3587
3588
3589
3800
3801
3802
3803
3804
3805
3806
3807
3808
3809
3820
3821
3822
3823
3824
3825
3826
3827
3828
3829
3840
3841
3842
3843
3844
3845
3846
3847
3848
3849
3860
3861
3862
3863
3864
3865
3866
3867
3868
3869
3880
3881
3882
3883
3884
3885
3886
3887
3888
3889
3900
3901
3902
3903
3904
3905
3906
3907
3908
3909
3920
3921
3922
3923
3924
3925
3926
3927
3928
3929
3940
3941
3942
3943
3944
3945
3946
3947
3948
3949
3960
3961
3962
3963
3964
3965
3966
3967
3968
3969
3980
3981
3982
3983
3984
3985
3986
3987
3988
3989
4200
4201
4202
4203
4204
4205
4206
4207
4208
4209
4220
4221
4222
4223
4224
4225
4226
4227
4228
4229
4240
4241
4242
4243
4244
4245
4246
4247
4248
4249
4260
4261
4262
4263
4264
4265
4266
4267
4268
4269
4280
4281
4282
4283
4284
4285
4286
4287
4288
4289
4300
4301
4302
4303
4304
4305
4306
4307
4308
4309
4320
4321
4322
4323
4324
4325
4326
4327
4328
4329
4340
4341
4342
4343
4344
4345
4346
4347
4348
4349
4360
4361
4362
4363
4364
4365
4366
4367
4368
4369
4380
4381
4382
4383
4384
4385
4386
4387
4388
4389
4600
4601
4602
4603
4604
4605
4606
4607
4608
4609
4620
4621
4622
4623
4624
4625
4626
4627
4628
4629
4640
4641
4642
4643
4644
4645
4646
4647
4648
4649
4660
4661
4662
4663
4664
4665
4666
4667
4668
4669
4680
4681
4682
4683
4684
4685
4686
4687
4688
4689
4700
4701
4702
4703
4704
4705
4706
4707
4708
4709
4720
4721
4722
4723
4724
4725
4726
4727
4728
4729
4740
4741
4742
4743
4744
4745
4746
4747
4748
4749
4760
4761
4762
4763
4764
4765
4766
4767
4768
4769
4780
4781
4782
4783
4784
4785
4786
4787
4788
4789
5000
5001
5002
5003
5004
5005
5006
5007
5008
5009
5020
5021
5022
5023
5024
5025
5026
5027
5028
5029
5040
5041
5042
5043
5044
5045
5046
5047
5048
5049
5060
5061
5062
5063
5064
5065
5066
5067
5068
5069
5080
5081
5082
5083
5084
5085
5086
5087
5088
5089
5100
5101
5102
5103
5104
5105
5106
5107
5108
5109
5120
5121
5122
5123
5124
5125
5126
5127
5128
5129
5140
5141
5142
5143
5144
5145
5146
5147
5148
5149
5160
5161
5162
5163
5164
5165
5166
5167
5168
5169
5180
5181
5182
5183
5184
5185
5186
5187
5188
5189
5400
5401
5402
5403
5404
5405
5406
5407
5408
5409
5420
5421
5422
5423
5424
5425
5426
5427
5428
5429
5440
5441
5442
5443
5444
5445
5446
5447
5448
5449
5460
5461
5462
5463
5464
5465
5466
5467
5468
5469
5480
5481
5482
5483
5484
5485
5486
5487
5488
5489
5500
5501
5502
5503
5504
5505
5506
5507
5508
5509
5520
5521
5522
5523
5524
5525
5526
5527
5528
5529
5540
5541
5542
5543
5544
5545
5546
5547
5548
5549
5560
5561
5562
5563
5564
5565
5566
5567
5568
5569
5580
5581
5582
5583
5584
5585
5586
5587
5588
5589
5800
5801
5802
5803
5804
5805
5806
5807
5808
5809
5820
5821
5822
5823
5824
5825
5826
5827
5828
5829
5840
5841
5842
5843
5844
5845
5846
5847
5848
5849
5860
5861
5862
5863
5864
5865
5866
5867
5868
5869
5880
5881
5882
5883
5884
5885
5886
5887
5888
5889
5900
5901
5902
5903
5904
5905
5906
5907
5908
5909
5920
5921
5922
5923
5924
5925
5926
5927
5928
5929
5940
5941
5942
5943
5944
5945
5946
5947
5948
5949
5960
5961
5962
5963
5964
5965
5966
5967
5968
5969
5980
5981
5982
5983
5984
5985
5986
5987
5988
5989
6200
6201
6202
6203
6204
6205
6206
6207
6208
6209
6220
6221
6222
6223
6224
6225
6226
6227
6228
6229
6240
6241
6242
6243
6244
6245
6246
6247
6248
6249
6260
6261
6262
6263
6264
6265
6266
6267
6268
6269
6280
6281
6282
6283
6284
6285
6286
6287
6288
6289
6300
6301
6302
6303
6304
6305
6306
6307
6308
6309
6320
6321
6322
6323
6324
6325
6326
6327
6328
6329
6340
6341
6342
6343
6344
6345
6346
6347
6348
6349
6360
6361
6362
6363
6364
6365
6366
6367
6368
6369
6380
6381
6382
6383
6384
6385
6386
6387
6388
6389
6600
6601
6602
6603
6604
6605
6606
6607
6608
6609
6620
6621
6622
6623
6624
6625
6626
6627
6628
6629
6640
6641
6642
6643
6644
6645
6646
6647
6648
6649
6660
6661
6662
6663
6664
6665
6666
6667
6668
6669
6680
6681
6682
6683
6684
6685
6686
6687
6688
6689
6700
6701
6702
6703
6704
6705
6706
6707
6708
6709
6720
6721
6722
6723
6724
6725
6726
6727
6728
6729
6740
6741
6742
6743
6744
6745
6746
6747
6748
6749
6760
6761
6762
6763
6764
6765
6766
6767
6768
6769
6780
6781
6782
6783
6784
6785
6786
6787
6788
6789
7000
7001
7002
7003
7004
7005
7006
7007
7008
7009
7020
7021
7022
7023
7024
7025
7026
7027
7028
7029
7040
7041
7042
7043
7044
7045
7046
7047
7048
7049
7060
7061
7062
7063
7064
7065
7066
7067
7068
7069
7080
7081
7082
7083
7084
7085
7086
7087
7088
7089
7100
7101
7102
7103
7104
7105
7106
7107
7108
7109
7120
7121
7122
7123
7124
7125
7126
7127
7128
7129
7140
7141
7142
7143
7144
7145
7146
7147
7148
7149
7160
7161
7162
7163
7164
7165
7166
7167
7168
7169
7180
7181
7182
7183
7184
7185
7186
7187
7188
7189
7400
7401
7402
7403
7404
7405
7406
7407
7408
7409
7420
7421
7422
7423
7424
7425
7426
7427
7428
7429
7440
7441
7442
7443
7444
7445
7446
7447
7448
7449
7460
7461
7462
7463
7464
7465
7466
7467
7468
7469
7480
7481
7482
7483
7484
7485
7486
7487
7488
7489
7500
7501
7502
7503
7504
7505
7506
7507
7508
7509
7520
7521
7522
7523
7524
7525
7526
7527
7528
7529
7540
7541
7542
7543
7544
7545
7546
7547
7548
7549
7560
7561
7562
7563
7564
7565
7566
7567
7568
7569
7580
7581
7582
7583
7584
7585
7586
7587
7588
7589
7800
7801
7802
7803
7804
7805
7806
7807
7808
7809
7820
7821
7822
7823
7824
7825
7826
7827
7828
7829
7840
7841
7842
7843
7844
7845
7846
7847
7848
7849
7860
7861
7862
7863
7864
7865
7866
7867
7868
7869
7880
7881
7882
7883
7884
7885
7886
7887
7888
7889
7900
7901
7902
7903
7904
7905
7906
7907
7908
7909
7920
7921
7922
7923
7924
7925
7926
7927
7928
7929
7940
7941
7942
7943
7944
7945
7946
7947
7948
7949
7960
7961
7962
7963
7964
7965
7966
7967
7968
7969
7980
7981
7982
7983
7984
7985
7986
7987
7988
7989
)


// ************************************************************************* //
