/*--------------------------------*- C++ -*----------------------------------*\
| =========                 |                                                 |
| \\      /  F ield         | OpenFOAM: The Open Source CFD Toolbox           |
|  \\    /   O peration     | Version:  4.1                                   |
|   \\  /    A nd           | Web:      www.OpenFOAM.org                      |
|    \\/     M anipulation  |                                                 |
\*---------------------------------------------------------------------------*/
FoamFile
{
    version     2.0;
    format      ascii;
    class       labelList;
    location    "constant/polyMesh";
    object      pointProcAddressing;
}
// * * * * * * * * * * * * * * * * * * * * * * * * * * * * * * * * * * * * * //


2541
(
210
211
212
213
214
215
216
217
218
219
220
231
232
233
234
235
236
237
238
239
240
241
252
253
254
255
256
257
258
259
260
261
262
273
274
275
276
277
278
279
280
281
282
283
294
295
296
297
298
299
300
301
302
303
304
315
316
317
318
319
320
321
322
323
324
325
336
337
338
339
340
341
342
343
344
345
346
357
358
359
360
361
362
363
364
365
366
367
378
379
380
381
382
383
384
385
386
387
388
399
400
401
402
403
404
405
406
407
408
409
420
421
422
423
424
425
426
427
428
429
430
651
652
653
654
655
656
657
658
659
660
661
672
673
674
675
676
677
678
679
680
681
682
693
694
695
696
697
698
699
700
701
702
703
714
715
716
717
718
719
720
721
722
723
724
735
736
737
738
739
740
741
742
743
744
745
756
757
758
759
760
761
762
763
764
765
766
777
778
779
780
781
782
783
784
785
786
787
798
799
800
801
802
803
804
805
806
807
808
819
820
821
822
823
824
825
826
827
828
829
840
841
842
843
844
845
846
847
848
849
850
861
862
863
864
865
866
867
868
869
870
871
1092
1093
1094
1095
1096
1097
1098
1099
1100
1101
1102
1113
1114
1115
1116
1117
1118
1119
1120
1121
1122
1123
1134
1135
1136
1137
1138
1139
1140
1141
1142
1143
1144
1155
1156
1157
1158
1159
1160
1161
1162
1163
1164
1165
1176
1177
1178
1179
1180
1181
1182
1183
1184
1185
1186
1197
1198
1199
1200
1201
1202
1203
1204
1205
1206
1207
1218
1219
1220
1221
1222
1223
1224
1225
1226
1227
1228
1239
1240
1241
1242
1243
1244
1245
1246
1247
1248
1249
1260
1261
1262
1263
1264
1265
1266
1267
1268
1269
1270
1281
1282
1283
1284
1285
1286
1287
1288
1289
1290
1291
1302
1303
1304
1305
1306
1307
1308
1309
1310
1311
1312
1533
1534
1535
1536
1537
1538
1539
1540
1541
1542
1543
1554
1555
1556
1557
1558
1559
1560
1561
1562
1563
1564
1575
1576
1577
1578
1579
1580
1581
1582
1583
1584
1585
1596
1597
1598
1599
1600
1601
1602
1603
1604
1605
1606
1617
1618
1619
1620
1621
1622
1623
1624
1625
1626
1627
1638
1639
1640
1641
1642
1643
1644
1645
1646
1647
1648
1659
1660
1661
1662
1663
1664
1665
1666
1667
1668
1669
1680
1681
1682
1683
1684
1685
1686
1687
1688
1689
1690
1701
1702
1703
1704
1705
1706
1707
1708
1709
1710
1711
1722
1723
1724
1725
1726
1727
1728
1729
1730
1731
1732
1743
1744
1745
1746
1747
1748
1749
1750
1751
1752
1753
1974
1975
1976
1977
1978
1979
1980
1981
1982
1983
1984
1995
1996
1997
1998
1999
2000
2001
2002
2003
2004
2005
2016
2017
2018
2019
2020
2021
2022
2023
2024
2025
2026
2037
2038
2039
2040
2041
2042
2043
2044
2045
2046
2047
2058
2059
2060
2061
2062
2063
2064
2065
2066
2067
2068
2079
2080
2081
2082
2083
2084
2085
2086
2087
2088
2089
2100
2101
2102
2103
2104
2105
2106
2107
2108
2109
2110
2121
2122
2123
2124
2125
2126
2127
2128
2129
2130
2131
2142
2143
2144
2145
2146
2147
2148
2149
2150
2151
2152
2163
2164
2165
2166
2167
2168
2169
2170
2171
2172
2173
2184
2185
2186
2187
2188
2189
2190
2191
2192
2193
2194
2415
2416
2417
2418
2419
2420
2421
2422
2423
2424
2425
2436
2437
2438
2439
2440
2441
2442
2443
2444
2445
2446
2457
2458
2459
2460
2461
2462
2463
2464
2465
2466
2467
2478
2479
2480
2481
2482
2483
2484
2485
2486
2487
2488
2499
2500
2501
2502
2503
2504
2505
2506
2507
2508
2509
2520
2521
2522
2523
2524
2525
2526
2527
2528
2529
2530
2541
2542
2543
2544
2545
2546
2547
2548
2549
2550
2551
2562
2563
2564
2565
2566
2567
2568
2569
2570
2571
2572
2583
2584
2585
2586
2587
2588
2589
2590
2591
2592
2593
2604
2605
2606
2607
2608
2609
2610
2611
2612
2613
2614
2625
2626
2627
2628
2629
2630
2631
2632
2633
2634
2635
2856
2857
2858
2859
2860
2861
2862
2863
2864
2865
2866
2877
2878
2879
2880
2881
2882
2883
2884
2885
2886
2887
2898
2899
2900
2901
2902
2903
2904
2905
2906
2907
2908
2919
2920
2921
2922
2923
2924
2925
2926
2927
2928
2929
2940
2941
2942
2943
2944
2945
2946
2947
2948
2949
2950
2961
2962
2963
2964
2965
2966
2967
2968
2969
2970
2971
2982
2983
2984
2985
2986
2987
2988
2989
2990
2991
2992
3003
3004
3005
3006
3007
3008
3009
3010
3011
3012
3013
3024
3025
3026
3027
3028
3029
3030
3031
3032
3033
3034
3045
3046
3047
3048
3049
3050
3051
3052
3053
3054
3055
3066
3067
3068
3069
3070
3071
3072
3073
3074
3075
3076
3297
3298
3299
3300
3301
3302
3303
3304
3305
3306
3307
3318
3319
3320
3321
3322
3323
3324
3325
3326
3327
3328
3339
3340
3341
3342
3343
3344
3345
3346
3347
3348
3349
3360
3361
3362
3363
3364
3365
3366
3367
3368
3369
3370
3381
3382
3383
3384
3385
3386
3387
3388
3389
3390
3391
3402
3403
3404
3405
3406
3407
3408
3409
3410
3411
3412
3423
3424
3425
3426
3427
3428
3429
3430
3431
3432
3433
3444
3445
3446
3447
3448
3449
3450
3451
3452
3453
3454
3465
3466
3467
3468
3469
3470
3471
3472
3473
3474
3475
3486
3487
3488
3489
3490
3491
3492
3493
3494
3495
3496
3507
3508
3509
3510
3511
3512
3513
3514
3515
3516
3517
3738
3739
3740
3741
3742
3743
3744
3745
3746
3747
3748
3759
3760
3761
3762
3763
3764
3765
3766
3767
3768
3769
3780
3781
3782
3783
3784
3785
3786
3787
3788
3789
3790
3801
3802
3803
3804
3805
3806
3807
3808
3809
3810
3811
3822
3823
3824
3825
3826
3827
3828
3829
3830
3831
3832
3843
3844
3845
3846
3847
3848
3849
3850
3851
3852
3853
3864
3865
3866
3867
3868
3869
3870
3871
3872
3873
3874
3885
3886
3887
3888
3889
3890
3891
3892
3893
3894
3895
3906
3907
3908
3909
3910
3911
3912
3913
3914
3915
3916
3927
3928
3929
3930
3931
3932
3933
3934
3935
3936
3937
3948
3949
3950
3951
3952
3953
3954
3955
3956
3957
3958
4179
4180
4181
4182
4183
4184
4185
4186
4187
4188
4189
4200
4201
4202
4203
4204
4205
4206
4207
4208
4209
4210
4221
4222
4223
4224
4225
4226
4227
4228
4229
4230
4231
4242
4243
4244
4245
4246
4247
4248
4249
4250
4251
4252
4263
4264
4265
4266
4267
4268
4269
4270
4271
4272
4273
4284
4285
4286
4287
4288
4289
4290
4291
4292
4293
4294
4305
4306
4307
4308
4309
4310
4311
4312
4313
4314
4315
4326
4327
4328
4329
4330
4331
4332
4333
4334
4335
4336
4347
4348
4349
4350
4351
4352
4353
4354
4355
4356
4357
4368
4369
4370
4371
4372
4373
4374
4375
4376
4377
4378
4389
4390
4391
4392
4393
4394
4395
4396
4397
4398
4399
4620
4621
4622
4623
4624
4625
4626
4627
4628
4629
4630
4641
4642
4643
4644
4645
4646
4647
4648
4649
4650
4651
4662
4663
4664
4665
4666
4667
4668
4669
4670
4671
4672
4683
4684
4685
4686
4687
4688
4689
4690
4691
4692
4693
4704
4705
4706
4707
4708
4709
4710
4711
4712
4713
4714
4725
4726
4727
4728
4729
4730
4731
4732
4733
4734
4735
4746
4747
4748
4749
4750
4751
4752
4753
4754
4755
4756
4767
4768
4769
4770
4771
4772
4773
4774
4775
4776
4777
4788
4789
4790
4791
4792
4793
4794
4795
4796
4797
4798
4809
4810
4811
4812
4813
4814
4815
4816
4817
4818
4819
4830
4831
4832
4833
4834
4835
4836
4837
4838
4839
4840
5061
5062
5063
5064
5065
5066
5067
5068
5069
5070
5071
5082
5083
5084
5085
5086
5087
5088
5089
5090
5091
5092
5103
5104
5105
5106
5107
5108
5109
5110
5111
5112
5113
5124
5125
5126
5127
5128
5129
5130
5131
5132
5133
5134
5145
5146
5147
5148
5149
5150
5151
5152
5153
5154
5155
5166
5167
5168
5169
5170
5171
5172
5173
5174
5175
5176
5187
5188
5189
5190
5191
5192
5193
5194
5195
5196
5197
5208
5209
5210
5211
5212
5213
5214
5215
5216
5217
5218
5229
5230
5231
5232
5233
5234
5235
5236
5237
5238
5239
5250
5251
5252
5253
5254
5255
5256
5257
5258
5259
5260
5271
5272
5273
5274
5275
5276
5277
5278
5279
5280
5281
5502
5503
5504
5505
5506
5507
5508
5509
5510
5511
5512
5523
5524
5525
5526
5527
5528
5529
5530
5531
5532
5533
5544
5545
5546
5547
5548
5549
5550
5551
5552
5553
5554
5565
5566
5567
5568
5569
5570
5571
5572
5573
5574
5575
5586
5587
5588
5589
5590
5591
5592
5593
5594
5595
5596
5607
5608
5609
5610
5611
5612
5613
5614
5615
5616
5617
5628
5629
5630
5631
5632
5633
5634
5635
5636
5637
5638
5649
5650
5651
5652
5653
5654
5655
5656
5657
5658
5659
5670
5671
5672
5673
5674
5675
5676
5677
5678
5679
5680
5691
5692
5693
5694
5695
5696
5697
5698
5699
5700
5701
5712
5713
5714
5715
5716
5717
5718
5719
5720
5721
5722
5943
5944
5945
5946
5947
5948
5949
5950
5951
5952
5953
5964
5965
5966
5967
5968
5969
5970
5971
5972
5973
5974
5985
5986
5987
5988
5989
5990
5991
5992
5993
5994
5995
6006
6007
6008
6009
6010
6011
6012
6013
6014
6015
6016
6027
6028
6029
6030
6031
6032
6033
6034
6035
6036
6037
6048
6049
6050
6051
6052
6053
6054
6055
6056
6057
6058
6069
6070
6071
6072
6073
6074
6075
6076
6077
6078
6079
6090
6091
6092
6093
6094
6095
6096
6097
6098
6099
6100
6111
6112
6113
6114
6115
6116
6117
6118
6119
6120
6121
6132
6133
6134
6135
6136
6137
6138
6139
6140
6141
6142
6153
6154
6155
6156
6157
6158
6159
6160
6161
6162
6163
6384
6385
6386
6387
6388
6389
6390
6391
6392
6393
6394
6405
6406
6407
6408
6409
6410
6411
6412
6413
6414
6415
6426
6427
6428
6429
6430
6431
6432
6433
6434
6435
6436
6447
6448
6449
6450
6451
6452
6453
6454
6455
6456
6457
6468
6469
6470
6471
6472
6473
6474
6475
6476
6477
6478
6489
6490
6491
6492
6493
6494
6495
6496
6497
6498
6499
6510
6511
6512
6513
6514
6515
6516
6517
6518
6519
6520
6531
6532
6533
6534
6535
6536
6537
6538
6539
6540
6541
6552
6553
6554
6555
6556
6557
6558
6559
6560
6561
6562
6573
6574
6575
6576
6577
6578
6579
6580
6581
6582
6583
6594
6595
6596
6597
6598
6599
6600
6601
6602
6603
6604
6825
6826
6827
6828
6829
6830
6831
6832
6833
6834
6835
6846
6847
6848
6849
6850
6851
6852
6853
6854
6855
6856
6867
6868
6869
6870
6871
6872
6873
6874
6875
6876
6877
6888
6889
6890
6891
6892
6893
6894
6895
6896
6897
6898
6909
6910
6911
6912
6913
6914
6915
6916
6917
6918
6919
6930
6931
6932
6933
6934
6935
6936
6937
6938
6939
6940
6951
6952
6953
6954
6955
6956
6957
6958
6959
6960
6961
6972
6973
6974
6975
6976
6977
6978
6979
6980
6981
6982
6993
6994
6995
6996
6997
6998
6999
7000
7001
7002
7003
7014
7015
7016
7017
7018
7019
7020
7021
7022
7023
7024
7035
7036
7037
7038
7039
7040
7041
7042
7043
7044
7045
7266
7267
7268
7269
7270
7271
7272
7273
7274
7275
7276
7287
7288
7289
7290
7291
7292
7293
7294
7295
7296
7297
7308
7309
7310
7311
7312
7313
7314
7315
7316
7317
7318
7329
7330
7331
7332
7333
7334
7335
7336
7337
7338
7339
7350
7351
7352
7353
7354
7355
7356
7357
7358
7359
7360
7371
7372
7373
7374
7375
7376
7377
7378
7379
7380
7381
7392
7393
7394
7395
7396
7397
7398
7399
7400
7401
7402
7413
7414
7415
7416
7417
7418
7419
7420
7421
7422
7423
7434
7435
7436
7437
7438
7439
7440
7441
7442
7443
7444
7455
7456
7457
7458
7459
7460
7461
7462
7463
7464
7465
7476
7477
7478
7479
7480
7481
7482
7483
7484
7485
7486
7707
7708
7709
7710
7711
7712
7713
7714
7715
7716
7717
7728
7729
7730
7731
7732
7733
7734
7735
7736
7737
7738
7749
7750
7751
7752
7753
7754
7755
7756
7757
7758
7759
7770
7771
7772
7773
7774
7775
7776
7777
7778
7779
7780
7791
7792
7793
7794
7795
7796
7797
7798
7799
7800
7801
7812
7813
7814
7815
7816
7817
7818
7819
7820
7821
7822
7833
7834
7835
7836
7837
7838
7839
7840
7841
7842
7843
7854
7855
7856
7857
7858
7859
7860
7861
7862
7863
7864
7875
7876
7877
7878
7879
7880
7881
7882
7883
7884
7885
7896
7897
7898
7899
7900
7901
7902
7903
7904
7905
7906
7917
7918
7919
7920
7921
7922
7923
7924
7925
7926
7927
8148
8149
8150
8151
8152
8153
8154
8155
8156
8157
8158
8169
8170
8171
8172
8173
8174
8175
8176
8177
8178
8179
8190
8191
8192
8193
8194
8195
8196
8197
8198
8199
8200
8211
8212
8213
8214
8215
8216
8217
8218
8219
8220
8221
8232
8233
8234
8235
8236
8237
8238
8239
8240
8241
8242
8253
8254
8255
8256
8257
8258
8259
8260
8261
8262
8263
8274
8275
8276
8277
8278
8279
8280
8281
8282
8283
8284
8295
8296
8297
8298
8299
8300
8301
8302
8303
8304
8305
8316
8317
8318
8319
8320
8321
8322
8323
8324
8325
8326
8337
8338
8339
8340
8341
8342
8343
8344
8345
8346
8347
8358
8359
8360
8361
8362
8363
8364
8365
8366
8367
8368
8589
8590
8591
8592
8593
8594
8595
8596
8597
8598
8599
8610
8611
8612
8613
8614
8615
8616
8617
8618
8619
8620
8631
8632
8633
8634
8635
8636
8637
8638
8639
8640
8641
8652
8653
8654
8655
8656
8657
8658
8659
8660
8661
8662
8673
8674
8675
8676
8677
8678
8679
8680
8681
8682
8683
8694
8695
8696
8697
8698
8699
8700
8701
8702
8703
8704
8715
8716
8717
8718
8719
8720
8721
8722
8723
8724
8725
8736
8737
8738
8739
8740
8741
8742
8743
8744
8745
8746
8757
8758
8759
8760
8761
8762
8763
8764
8765
8766
8767
8778
8779
8780
8781
8782
8783
8784
8785
8786
8787
8788
8799
8800
8801
8802
8803
8804
8805
8806
8807
8808
8809
9030
9031
9032
9033
9034
9035
9036
9037
9038
9039
9040
9051
9052
9053
9054
9055
9056
9057
9058
9059
9060
9061
9072
9073
9074
9075
9076
9077
9078
9079
9080
9081
9082
9093
9094
9095
9096
9097
9098
9099
9100
9101
9102
9103
9114
9115
9116
9117
9118
9119
9120
9121
9122
9123
9124
9135
9136
9137
9138
9139
9140
9141
9142
9143
9144
9145
9156
9157
9158
9159
9160
9161
9162
9163
9164
9165
9166
9177
9178
9179
9180
9181
9182
9183
9184
9185
9186
9187
9198
9199
9200
9201
9202
9203
9204
9205
9206
9207
9208
9219
9220
9221
9222
9223
9224
9225
9226
9227
9228
9229
9240
9241
9242
9243
9244
9245
9246
9247
9248
9249
9250
)


// ************************************************************************* //
